 # Re 	 CD 
 0.2 	 103 
 10.2 	 -178.621 
 20.2 	 10.5945 
 30.2 	 590.046 
 40.2 	 1480.77 
 50.2 	 2605.44 
 60.2 	 3888.35 
 70.2 	 5255.44 
 80.2 	 6634.25 
 90.2 	 7953.95 
 100.2 	 9145.34 
 110.2 	 10140.8 
 120.2 	 10874.4 
 130.2 	 11281.6 
 140.2 	 11299.8 
 150.2 	 10867.6 
 160.2 	 9925.62 
 170.2 	 8415.72 
 180.2 	 6281.51 
 190.2 	 3468.15 
 200.2 	 -77.6301 
 210.2 	 -4407.51 
 220.2 	 -9571.6 
 230.2 	 -15618.5 
 240.2 	 -22595.1 
 250.2 	 -30546.8 
 260.2 	 -39517.7 
 270.2 	 -49549.8 
 280.2 	 -60684.1 
 290.2 	 -72959.7 
 300.2 	 -86414.4 
 310.2 	 -101084 
 320.2 	 -117004 
 330.2 	 -134206 
 340.2 	 -152723 
 350.2 	 -172584 
 360.2 	 -193818 
 370.2 	 -216452 
 380.2 	 -240512 
 390.2 	 -266021 
 400.2 	 -293001 
 410.2 	 -321475 
 420.2 	 -351461 
 430.2 	 -382977 
 440.2 	 -416039 
 450.2 	 -450664 
 460.2 	 -486864 
 470.2 	 -524651 
 480.2 	 -564036 
 490.2 	 -605027 
 500.2 	 -647634 
 510.2 	 -691861 
 520.2 	 -737714 
 530.2 	 -785195 
 540.2 	 -834306 
 550.2 	 -885049 
 560.2 	 -937421 
 570.2 	 -991421 
 580.2 	 -1.04704e+006 
 590.2 	 -1.10428e+006 
 600.2 	 -1.16313e+006 
 610.2 	 -1.22359e+006 
 620.2 	 -1.28564e+006 
 630.2 	 -1.34926e+006 
 640.2 	 -1.41446e+006 
 650.2 	 -1.48122e+006 
 660.2 	 -1.54951e+006 
 670.2 	 -1.61933e+006 
 680.2 	 -1.69065e+006 
 690.2 	 -1.76345e+006 
 700.2 	 -1.83773e+006 
 710.2 	 -1.91344e+006 
 720.2 	 -1.99057e+006 
 730.2 	 -2.0691e+006 
 740.2 	 -2.14899e+006 
 750.2 	 -2.23022e+006 
 760.2 	 -2.31277e+006 
 770.2 	 -2.39659e+006 
 780.2 	 -2.48166e+006 
 790.2 	 -2.56794e+006 
 800.2 	 -2.6554e+006 
 810.2 	 -2.744e+006 
 820.2 	 -2.83372e+006 
 830.2 	 -2.92449e+006 
 840.2 	 -3.0163e+006 
 850.2 	 -3.10909e+006 
 860.2 	 -3.20282e+006 
 870.2 	 -3.29746e+006 
 880.2 	 -3.39294e+006 
 890.2 	 -3.48923e+006 
 900.2 	 -3.58628e+006 
 910.2 	 -3.68405e+006 
 920.2 	 -3.78246e+006 
 930.2 	 -3.88149e+006 
 940.2 	 -3.98107e+006 
 950.2 	 -4.08115e+006 
 960.2 	 -4.18167e+006 
 970.2 	 -4.28258e+006 
 980.2 	 -4.38381e+006 
 990.2 	 -4.48531e+006 
 1000.2 	 -4.58702e+006 
 1010.2 	 -4.68887e+006 
 1020.2 	 -4.79081e+006 
 1030.2 	 -4.89276e+006 
 1040.2 	 -4.99465e+006 
 1050.2 	 -5.09644e+006 
 1060.2 	 -5.19803e+006 
 1070.2 	 -5.29937e+006 
 1080.2 	 -5.40038e+006 
 1090.2 	 -5.50099e+006 
 1100.2 	 -5.60113e+006 
 1110.2 	 -5.70072e+006 
 1120.2 	 -5.79968e+006 
 1130.2 	 -5.89794e+006 
 1140.2 	 -5.99542e+006 
 1150.2 	 -6.09205e+006 
 1160.2 	 -6.18773e+006 
 1170.2 	 -6.28238e+006 
 1180.2 	 -6.37593e+006 
 1190.2 	 -6.46829e+006 
 1200.2 	 -6.55937e+006 
 1210.2 	 -6.64909e+006 
 1220.2 	 -6.73735e+006 
 1230.2 	 -6.82407e+006 
 1240.2 	 -6.90915e+006 
 1250.2 	 -6.99251e+006 
 1260.2 	 -7.07406e+006 
 1270.2 	 -7.15369e+006 
 1280.2 	 -7.23131e+006 
 1290.2 	 -7.30683e+006 
 1300.2 	 -7.38014e+006 
 1310.2 	 -7.45116e+006 
 1320.2 	 -7.51977e+006 
 1330.2 	 -7.58588e+006 
 1340.2 	 -7.64938e+006 
 1350.2 	 -7.71018e+006 
 1360.2 	 -7.76816e+006 
 1370.2 	 -7.82322e+006 
 1380.2 	 -7.87526e+006 
 1390.2 	 -7.92416e+006 
 1400.2 	 -7.96982e+006 
 1410.2 	 -8.01212e+006 
 1420.2 	 -8.05096e+006 
 1430.2 	 -8.08622e+006 
 1440.2 	 -8.11778e+006 
 1450.2 	 -8.14554e+006 
 1460.2 	 -8.16938e+006 
 1470.2 	 -8.18918e+006 
 1480.2 	 -8.20482e+006 
 1490.2 	 -8.21617e+006 
 1500.2 	 -8.22314e+006 
 1510.2 	 -8.22558e+006 
 1520.2 	 -8.22338e+006 
 1530.2 	 -8.21641e+006 
 1540.2 	 -8.20455e+006 
 1550.2 	 -8.18768e+006 
 1560.2 	 -8.16566e+006 
 1570.2 	 -8.13837e+006 
 1580.2 	 -8.10567e+006 
 1590.2 	 -8.06745e+006 
 1600.2 	 -8.02357e+006 
 1610.2 	 -7.97389e+006 
 1620.2 	 -7.91828e+006 
 1630.2 	 -7.85661e+006 
 1640.2 	 -7.78874e+006 
 1650.2 	 -7.71454e+006 
 1660.2 	 -7.63387e+006 
 1670.2 	 -7.54659e+006 
 1680.2 	 -7.45256e+006 
 1690.2 	 -7.35163e+006 
 1700.2 	 -7.24368e+006 
 1710.2 	 -7.12855e+006 
 1720.2 	 -7.00611e+006 
 1730.2 	 -6.8762e+006 
 1740.2 	 -6.73868e+006 
 1750.2 	 -6.59341e+006 
 1760.2 	 -6.44023e+006 
 1770.2 	 -6.279e+006 
 1780.2 	 -6.10958e+006 
 1790.2 	 -5.9318e+006 
 1800.2 	 -5.74552e+006 
 1810.2 	 -5.55058e+006 
 1820.2 	 -5.34683e+006 
 1830.2 	 -5.13412e+006 
 1840.2 	 -4.91229e+006 
 1850.2 	 -4.68118e+006 
 1860.2 	 -4.44064e+006 
 1870.2 	 -4.1905e+006 
 1880.2 	 -3.93062e+006 
 1890.2 	 -3.66082e+006 
 1900.2 	 -3.38095e+006 
 1910.2 	 -3.09085e+006 
 1920.2 	 -2.79035e+006 
 1930.2 	 -2.47928e+006 
 1940.2 	 -2.15749e+006 
 1950.2 	 -1.8248e+006 
 1960.2 	 -1.48105e+006 
 1970.2 	 -1.12608e+006 
 1980.2 	 -759706 
 1990.2 	 -381767 
 2000.2 	 7910.07 
 2010.2 	 409496 
 2020.2 	 823163 
 2030.2 	 1.24908e+006 
 2040.2 	 1.68743e+006 
 2050.2 	 2.13839e+006 
 2060.2 	 2.60212e+006 
 2070.2 	 3.07881e+006 
 2080.2 	 3.56864e+006 
 2090.2 	 4.07177e+006 
 2100.2 	 4.5884e+006 
 2110.2 	 5.11871e+006 
 2120.2 	 5.66286e+006 
 2130.2 	 6.22106e+006 
 2140.2 	 6.79347e+006 
 2150.2 	 7.38029e+006 
 2160.2 	 7.98169e+006 
 2170.2 	 8.59787e+006 
 2180.2 	 9.229e+006 
 2190.2 	 9.87529e+006 
 2200.2 	 1.05369e+007 
 2210.2 	 1.1214e+007 
 2220.2 	 1.19069e+007 
 2230.2 	 1.26157e+007 
 2240.2 	 1.33405e+007 
 2250.2 	 1.40817e+007 
 2260.2 	 1.48393e+007 
 2270.2 	 1.56136e+007 
 2280.2 	 1.64047e+007 
 2290.2 	 1.7213e+007 
 2300.2 	 1.80385e+007 
 2310.2 	 1.88814e+007 
 2320.2 	 1.9742e+007 
 2330.2 	 2.06205e+007 
 2340.2 	 2.1517e+007 
 2350.2 	 2.24317e+007 
 2360.2 	 2.3365e+007 
 2370.2 	 2.43168e+007 
 2380.2 	 2.52876e+007 
 2390.2 	 2.62774e+007 
 2400.2 	 2.72864e+007 
 2410.2 	 2.8315e+007 
 2420.2 	 2.93632e+007 
 2430.2 	 3.04313e+007 
 2440.2 	 3.15195e+007 
 2450.2 	 3.26279e+007 
 2460.2 	 3.37569e+007 
 2470.2 	 3.49066e+007 
 2480.2 	 3.60772e+007 
 2490.2 	 3.7269e+007 
 2500.2 	 3.84821e+007 
 2510.2 	 3.97168e+007 
 2520.2 	 4.09732e+007 
 2530.2 	 4.22517e+007 
 2540.2 	 4.35523e+007 
 2550.2 	 4.48753e+007 
 2560.2 	 4.6221e+007 
 2570.2 	 4.75896e+007 
 2580.2 	 4.89811e+007 
 2590.2 	 5.0396e+007 
 2600.2 	 5.18344e+007 
 2610.2 	 5.32965e+007 
 2620.2 	 5.47825e+007 
 2630.2 	 5.62927e+007 
 2640.2 	 5.78273e+007 
 2650.2 	 5.93865e+007 
 2660.2 	 6.09705e+007 
 2670.2 	 6.25796e+007 
 2680.2 	 6.42139e+007 
 2690.2 	 6.58738e+007 
 2700.2 	 6.75593e+007 
 2710.2 	 6.92708e+007 
 2720.2 	 7.10085e+007 
 2730.2 	 7.27726e+007 
 2740.2 	 7.45633e+007 
 2750.2 	 7.63809e+007 
 2760.2 	 7.82256e+007 
 2770.2 	 8.00976e+007 
 2780.2 	 8.19971e+007 
 2790.2 	 8.39244e+007 
 2800.2 	 8.58798e+007 
 2810.2 	 8.78633e+007 
 2820.2 	 8.98754e+007 
 2830.2 	 9.19162e+007 
 2840.2 	 9.39859e+007 
 2850.2 	 9.60848e+007 
 2860.2 	 9.8213e+007 
 2870.2 	 1.00371e+008 
 2880.2 	 1.02559e+008 
 2890.2 	 1.04777e+008 
 2900.2 	 1.07025e+008 
 2910.2 	 1.09304e+008 
 2920.2 	 1.11614e+008 
 2930.2 	 1.13955e+008 
 2940.2 	 1.16327e+008 
 2950.2 	 1.1873e+008 
 2960.2 	 1.21166e+008 
 2970.2 	 1.23633e+008 
 2980.2 	 1.26133e+008 
 2990.2 	 1.28666e+008 
 3000.2 	 1.31231e+008 
 3010.2 	 1.33829e+008 
 3020.2 	 1.3646e+008 
 3030.2 	 1.39125e+008 
 3040.2 	 1.41824e+008 
 3050.2 	 1.44556e+008 
 3060.2 	 1.47323e+008 
 3070.2 	 1.50125e+008 
 3080.2 	 1.52961e+008 
 3090.2 	 1.55832e+008 
 3100.2 	 1.58738e+008 
 3110.2 	 1.6168e+008 
 3120.2 	 1.64657e+008 
 3130.2 	 1.67671e+008 
 3140.2 	 1.7072e+008 
 3150.2 	 1.73806e+008 
 3160.2 	 1.76929e+008 
 3170.2 	 1.80089e+008 
 3180.2 	 1.83286e+008 
 3190.2 	 1.86521e+008 
 3200.2 	 1.89793e+008 
 3210.2 	 1.93103e+008 
 3220.2 	 1.96452e+008 
 3230.2 	 1.99839e+008 
 3240.2 	 2.03265e+008 
 3250.2 	 2.06729e+008 
 3260.2 	 2.10234e+008 
 3270.2 	 2.13777e+008 
 3280.2 	 2.1736e+008 
 3290.2 	 2.20984e+008 
 3300.2 	 2.24648e+008 
 3310.2 	 2.28352e+008 
 3320.2 	 2.32097e+008 
 3330.2 	 2.35883e+008 
 3340.2 	 2.3971e+008 
 3350.2 	 2.43579e+008 
 3360.2 	 2.4749e+008 
 3370.2 	 2.51443e+008 
 3380.2 	 2.55439e+008 
 3390.2 	 2.59477e+008 
 3400.2 	 2.63558e+008 
 3410.2 	 2.67682e+008 
 3420.2 	 2.71849e+008 
 3430.2 	 2.7606e+008 
 3440.2 	 2.80315e+008 
 3450.2 	 2.84615e+008 
 3460.2 	 2.88958e+008 
 3470.2 	 2.93347e+008 
 3480.2 	 2.9778e+008 
 3490.2 	 3.02259e+008 
 3500.2 	 3.06784e+008 
 3510.2 	 3.11354e+008 
 3520.2 	 3.1597e+008 
 3530.2 	 3.20632e+008 
 3540.2 	 3.25341e+008 
 3550.2 	 3.30097e+008 
 3560.2 	 3.349e+008 
 3570.2 	 3.39751e+008 
 3580.2 	 3.44649e+008 
 3590.2 	 3.49595e+008 
 3600.2 	 3.54589e+008 
 3610.2 	 3.59632e+008 
 3620.2 	 3.64724e+008 
 3630.2 	 3.69864e+008 
 3640.2 	 3.75054e+008 
 3650.2 	 3.80293e+008 
 3660.2 	 3.85583e+008 
 3670.2 	 3.90922e+008 
 3680.2 	 3.96312e+008 
 3690.2 	 4.01752e+008 
 3700.2 	 4.07243e+008 
 3710.2 	 4.12785e+008 
 3720.2 	 4.18379e+008 
 3730.2 	 4.24025e+008 
 3740.2 	 4.29722e+008 
 3750.2 	 4.35472e+008 
 3760.2 	 4.41275e+008 
 3770.2 	 4.4713e+008 
 3780.2 	 4.53038e+008 
 3790.2 	 4.59e+008 
 3800.2 	 4.65015e+008 
 3810.2 	 4.71084e+008 
 3820.2 	 4.77208e+008 
 3830.2 	 4.83386e+008 
 3840.2 	 4.89618e+008 
 3850.2 	 4.95906e+008 
 3860.2 	 5.02249e+008 
 3870.2 	 5.08648e+008 
 3880.2 	 5.15102e+008 
 3890.2 	 5.21613e+008 
 3900.2 	 5.28179e+008 
 3910.2 	 5.34803e+008 
 3920.2 	 5.41484e+008 
 3930.2 	 5.48221e+008 
 3940.2 	 5.55017e+008 
 3950.2 	 5.6187e+008 
 3960.2 	 5.68781e+008 
 3970.2 	 5.7575e+008 
 3980.2 	 5.82778e+008 
 3990.2 	 5.89865e+008 
 4000.2 	 5.97012e+008 
 4010.2 	 6.04217e+008 
 4020.2 	 6.11483e+008 
 4030.2 	 6.18808e+008 
 4040.2 	 6.26194e+008 
 4050.2 	 6.3364e+008 
 4060.2 	 6.41147e+008 
 4070.2 	 6.48715e+008 
 4080.2 	 6.56345e+008 
 4090.2 	 6.64036e+008 
 4100.2 	 6.7179e+008 
 4110.2 	 6.79605e+008 
 4120.2 	 6.87484e+008 
 4130.2 	 6.95425e+008 
 4140.2 	 7.03429e+008 
 4150.2 	 7.11496e+008 
 4160.2 	 7.19627e+008 
 4170.2 	 7.27822e+008 
 4180.2 	 7.36081e+008 
 4190.2 	 7.44405e+008 
 4200.2 	 7.52794e+008 
 4210.2 	 7.61247e+008 
 4220.2 	 7.69766e+008 
 4230.2 	 7.78351e+008 
 4240.2 	 7.87001e+008 
 4250.2 	 7.95718e+008 
 4260.2 	 8.04501e+008 
 4270.2 	 8.13351e+008 
 4280.2 	 8.22268e+008 
 4290.2 	 8.31252e+008 
 4300.2 	 8.40304e+008 
 4310.2 	 8.49423e+008 
 4320.2 	 8.58611e+008 
 4330.2 	 8.67868e+008 
 4340.2 	 8.77193e+008 
 4350.2 	 8.86587e+008 
 4360.2 	 8.9605e+008 
 4370.2 	 9.05583e+008 
 4380.2 	 9.15186e+008 
 4390.2 	 9.24859e+008 
 4400.2 	 9.34602e+008 
 4410.2 	 9.44416e+008 
 4420.2 	 9.54301e+008 
 4430.2 	 9.64258e+008 
 4440.2 	 9.74285e+008 
 4450.2 	 9.84385e+008 
 4460.2 	 9.94557e+008 
 4470.2 	 1.0048e+009 
 4480.2 	 1.01512e+009 
 4490.2 	 1.02551e+009 
 4500.2 	 1.03597e+009 
 4510.2 	 1.04651e+009 
 4520.2 	 1.05712e+009 
 4530.2 	 1.0678e+009 
 4540.2 	 1.07856e+009 
 4550.2 	 1.0894e+009 
 4560.2 	 1.1003e+009 
 4570.2 	 1.11129e+009 
 4580.2 	 1.12235e+009 
 4590.2 	 1.13348e+009 
 4600.2 	 1.14469e+009 
 4610.2 	 1.15598e+009 
 4620.2 	 1.16734e+009 
 4630.2 	 1.17879e+009 
 4640.2 	 1.1903e+009 
 4650.2 	 1.2019e+009 
 4660.2 	 1.21357e+009 
 4670.2 	 1.22532e+009 
 4680.2 	 1.23715e+009 
 4690.2 	 1.24906e+009 
 4700.2 	 1.26105e+009 
 4710.2 	 1.27312e+009 
 4720.2 	 1.28526e+009 
 4730.2 	 1.29749e+009 
 4740.2 	 1.30979e+009 
 4750.2 	 1.32218e+009 
 4760.2 	 1.33465e+009 
 4770.2 	 1.34719e+009 
 4780.2 	 1.35982e+009 
 4790.2 	 1.37253e+009 
 4800.2 	 1.38532e+009 
 4810.2 	 1.3982e+009 
 4820.2 	 1.41115e+009 
 4830.2 	 1.42419e+009 
 4840.2 	 1.43731e+009 
 4850.2 	 1.45052e+009 
 4860.2 	 1.46381e+009 
 4870.2 	 1.47718e+009 
 4880.2 	 1.49063e+009 
 4890.2 	 1.50417e+009 
 4900.2 	 1.5178e+009 
 4910.2 	 1.53151e+009 
 4920.2 	 1.5453e+009 
 4930.2 	 1.55918e+009 
 4940.2 	 1.57314e+009 
 4950.2 	 1.58719e+009 
 4960.2 	 1.60133e+009 
 4970.2 	 1.61555e+009 
 4980.2 	 1.62986e+009 
 4990.2 	 1.64426e+009 
 5000.2 	 1.65875e+009 
 5010.2 	 1.67332e+009 
 5020.2 	 1.68798e+009 
 5030.2 	 1.70273e+009 
 5040.2 	 1.71756e+009 
 5050.2 	 1.73249e+009 
 5060.2 	 1.7475e+009 
 5070.2 	 1.7626e+009 
 5080.2 	 1.7778e+009 
 5090.2 	 1.79308e+009 
 5100.2 	 1.80845e+009 
 5110.2 	 1.82391e+009 
 5120.2 	 1.83947e+009 
 5130.2 	 1.85511e+009 
 5140.2 	 1.87084e+009 
 5150.2 	 1.88667e+009 
 5160.2 	 1.90259e+009 
 5170.2 	 1.9186e+009 
 5180.2 	 1.9347e+009 
 5190.2 	 1.9509e+009 
 5200.2 	 1.96718e+009 
 5210.2 	 1.98357e+009 
 5220.2 	 2.00004e+009 
 5230.2 	 2.01661e+009 
 5240.2 	 2.03327e+009 
 5250.2 	 2.05002e+009 
 5260.2 	 2.06687e+009 
 5270.2 	 2.08382e+009 
 5280.2 	 2.10086e+009 
 5290.2 	 2.11799e+009 
 5300.2 	 2.13522e+009 
 5310.2 	 2.15255e+009 
 5320.2 	 2.16997e+009 
 5330.2 	 2.18749e+009 
 5340.2 	 2.2051e+009 
 5350.2 	 2.22282e+009 
 5360.2 	 2.24062e+009 
 5370.2 	 2.25853e+009 
 5380.2 	 2.27653e+009 
 5390.2 	 2.29464e+009 
 5400.2 	 2.31284e+009 
 5410.2 	 2.33113e+009 
 5420.2 	 2.34953e+009 
 5430.2 	 2.36803e+009 
 5440.2 	 2.38662e+009 
 5450.2 	 2.40532e+009 
 5460.2 	 2.42411e+009 
 5470.2 	 2.443e+009 
 5480.2 	 2.462e+009 
 5490.2 	 2.48109e+009 
 5500.2 	 2.50029e+009 
 5510.2 	 2.51959e+009 
 5520.2 	 2.53899e+009 
 5530.2 	 2.55849e+009 
 5540.2 	 2.57809e+009 
 5550.2 	 2.59779e+009 
 5560.2 	 2.6176e+009 
 5570.2 	 2.63751e+009 
 5580.2 	 2.65752e+009 
 5590.2 	 2.67763e+009 
 5600.2 	 2.69785e+009 
 5610.2 	 2.71817e+009 
 5620.2 	 2.7386e+009 
 5630.2 	 2.75913e+009 
 5640.2 	 2.77976e+009 
 5650.2 	 2.8005e+009 
 5660.2 	 2.82134e+009 
 5670.2 	 2.84229e+009 
 5680.2 	 2.86335e+009 
 5690.2 	 2.88451e+009 
 5700.2 	 2.90578e+009 
 5710.2 	 2.92715e+009 
 5720.2 	 2.94863e+009 
 5730.2 	 2.97021e+009 
 5740.2 	 2.9919e+009 
 5750.2 	 3.0137e+009 
 5760.2 	 3.03561e+009 
 5770.2 	 3.05763e+009 
 5780.2 	 3.07975e+009 
 5790.2 	 3.10198e+009 
 5800.2 	 3.12432e+009 
 5810.2 	 3.14677e+009 
 5820.2 	 3.16933e+009 
 5830.2 	 3.19199e+009 
 5840.2 	 3.21477e+009 
 5850.2 	 3.23766e+009 
 5860.2 	 3.26065e+009 
 5870.2 	 3.28376e+009 
 5880.2 	 3.30697e+009 
 5890.2 	 3.3303e+009 
 5900.2 	 3.35374e+009 
 5910.2 	 3.37729e+009 
 5920.2 	 3.40095e+009 
 5930.2 	 3.42472e+009 
 5940.2 	 3.44861e+009 
 5950.2 	 3.4726e+009 
 5960.2 	 3.49671e+009 
 5970.2 	 3.52093e+009 
 5980.2 	 3.54527e+009 
 5990.2 	 3.56971e+009 
 6000.2 	 3.59427e+009 
 6010.2 	 3.61895e+009 
 6020.2 	 3.64374e+009 
 6030.2 	 3.66864e+009 
 6040.2 	 3.69365e+009 
 6050.2 	 3.71879e+009 
 6060.2 	 3.74403e+009 
 6070.2 	 3.76939e+009 
 6080.2 	 3.79487e+009 
 6090.2 	 3.82046e+009 
 6100.2 	 3.84617e+009 
 6110.2 	 3.87199e+009 
 6120.2 	 3.89793e+009 
 6130.2 	 3.92399e+009 
 6140.2 	 3.95016e+009 
 6150.2 	 3.97645e+009 
 6160.2 	 4.00285e+009 
 6170.2 	 4.02938e+009 
 6180.2 	 4.05602e+009 
 6190.2 	 4.08278e+009 
 6200.2 	 4.10965e+009 
 6210.2 	 4.13665e+009 
 6220.2 	 4.16376e+009 
 6230.2 	 4.19099e+009 
 6240.2 	 4.21835e+009 
 6250.2 	 4.24582e+009 
 6260.2 	 4.27341e+009 
 6270.2 	 4.30111e+009 
 6280.2 	 4.32894e+009 
 6290.2 	 4.35689e+009 
 6300.2 	 4.38496e+009 
 6310.2 	 4.41315e+009 
 6320.2 	 4.44146e+009 
 6330.2 	 4.46989e+009 
 6340.2 	 4.49844e+009 
 6350.2 	 4.52712e+009 
 6360.2 	 4.55591e+009 
 6370.2 	 4.58483e+009 
 6380.2 	 4.61387e+009 
 6390.2 	 4.64303e+009 
 6400.2 	 4.67231e+009 
 6410.2 	 4.70172e+009 
 6420.2 	 4.73125e+009 
 6430.2 	 4.7609e+009 
 6440.2 	 4.79067e+009 
 6450.2 	 4.82057e+009 
 6460.2 	 4.85059e+009 
 6470.2 	 4.88074e+009 
 6480.2 	 4.91101e+009 
 6490.2 	 4.9414e+009 
 6500.2 	 4.97192e+009 
 6510.2 	 5.00257e+009 
 6520.2 	 5.03333e+009 
 6530.2 	 5.06423e+009 
 6540.2 	 5.09525e+009 
 6550.2 	 5.12639e+009 
 6560.2 	 5.15766e+009 
 6570.2 	 5.18906e+009 
 6580.2 	 5.22058e+009 
 6590.2 	 5.25223e+009 
 6600.2 	 5.284e+009 
 6610.2 	 5.3159e+009 
 6620.2 	 5.34793e+009 
 6630.2 	 5.38008e+009 
 6640.2 	 5.41237e+009 
 6650.2 	 5.44478e+009 
 6660.2 	 5.47731e+009 
 6670.2 	 5.50998e+009 
 6680.2 	 5.54277e+009 
 6690.2 	 5.57569e+009 
 6700.2 	 5.60874e+009 
 6710.2 	 5.64192e+009 
 6720.2 	 5.67523e+009 
 6730.2 	 5.70867e+009 
 6740.2 	 5.74223e+009 
 6750.2 	 5.77593e+009 
 6760.2 	 5.80975e+009 
 6770.2 	 5.84371e+009 
 6780.2 	 5.87779e+009 
 6790.2 	 5.912e+009 
 6800.2 	 5.94635e+009 
 6810.2 	 5.98082e+009 
 6820.2 	 6.01543e+009 
 6830.2 	 6.05017e+009 
 6840.2 	 6.08503e+009 
 6850.2 	 6.12003e+009 
 6860.2 	 6.15516e+009 
 6870.2 	 6.19042e+009 
 6880.2 	 6.22581e+009 
 6890.2 	 6.26134e+009 
 6900.2 	 6.297e+009 
 6910.2 	 6.33279e+009 
 6920.2 	 6.36871e+009 
 6930.2 	 6.40476e+009 
 6940.2 	 6.44095e+009 
 6950.2 	 6.47727e+009 
 6960.2 	 6.51372e+009 
 6970.2 	 6.55031e+009 
 6980.2 	 6.58702e+009 
 6990.2 	 6.62388e+009 
 7000.2 	 6.66086e+009 
 7010.2 	 6.69798e+009 
 7020.2 	 6.73524e+009 
 7030.2 	 6.77263e+009 
 7040.2 	 6.81015e+009 
 7050.2 	 6.84781e+009 
 7060.2 	 6.8856e+009 
 7070.2 	 6.92353e+009 
 7080.2 	 6.96159e+009 
 7090.2 	 6.99978e+009 
 7100.2 	 7.03812e+009 
 7110.2 	 7.07658e+009 
 7120.2 	 7.11519e+009 
 7130.2 	 7.15393e+009 
 7140.2 	 7.1928e+009 
 7150.2 	 7.23181e+009 
 7160.2 	 7.27096e+009 
 7170.2 	 7.31024e+009 
 7180.2 	 7.34966e+009 
 7190.2 	 7.38922e+009 
 7200.2 	 7.42891e+009 
 7210.2 	 7.46874e+009 
 7220.2 	 7.50871e+009 
 7230.2 	 7.54881e+009 
 7240.2 	 7.58905e+009 
 7250.2 	 7.62943e+009 
 7260.2 	 7.66995e+009 
 7270.2 	 7.7106e+009 
 7280.2 	 7.7514e+009 
 7290.2 	 7.79233e+009 
 7300.2 	 7.83339e+009 
 7310.2 	 7.8746e+009 
 7320.2 	 7.91595e+009 
 7330.2 	 7.95743e+009 
 7340.2 	 7.99905e+009 
 7350.2 	 8.04081e+009 
 7360.2 	 8.08271e+009 
 7370.2 	 8.12475e+009 
 7380.2 	 8.16693e+009 
 7390.2 	 8.20925e+009 
 7400.2 	 8.2517e+009 
 7410.2 	 8.2943e+009 
 7420.2 	 8.33704e+009 
 7430.2 	 8.37991e+009 
 7440.2 	 8.42293e+009 
 7450.2 	 8.46608e+009 
 7460.2 	 8.50938e+009 
 7470.2 	 8.55282e+009 
 7480.2 	 8.59639e+009 
 7490.2 	 8.64011e+009 
 7500.2 	 8.68397e+009 
 7510.2 	 8.72796e+009 
 7520.2 	 8.7721e+009 
 7530.2 	 8.81638e+009 
 7540.2 	 8.8608e+009 
 7550.2 	 8.90537e+009 
 7560.2 	 8.95007e+009 
 7570.2 	 8.99491e+009 
 7580.2 	 9.0399e+009 
 7590.2 	 9.08503e+009 
 7600.2 	 9.1303e+009 
 7610.2 	 9.17571e+009 
 7620.2 	 9.22126e+009 
 7630.2 	 9.26695e+009 
 7640.2 	 9.31279e+009 
 7650.2 	 9.35877e+009 
 7660.2 	 9.40489e+009 
 7670.2 	 9.45115e+009 
 7680.2 	 9.49756e+009 
 7690.2 	 9.54411e+009 
 7700.2 	 9.5908e+009 
 7710.2 	 9.63763e+009 
 7720.2 	 9.68461e+009 
 7730.2 	 9.73172e+009 
 7740.2 	 9.77899e+009 
 7750.2 	 9.82639e+009 
 7760.2 	 9.87394e+009 
 7770.2 	 9.92163e+009 
 7780.2 	 9.96946e+009 
 7790.2 	 1.00174e+010 
 7800.2 	 1.00656e+010 
 7810.2 	 1.01138e+010 
 7820.2 	 1.01622e+010 
 7830.2 	 1.02108e+010 
 7840.2 	 1.02595e+010 
 7850.2 	 1.03083e+010 
 7860.2 	 1.03573e+010 
 7870.2 	 1.04064e+010 
 7880.2 	 1.04557e+010 
 7890.2 	 1.05051e+010 
 7900.2 	 1.05547e+010 
 7910.2 	 1.06044e+010 
 7920.2 	 1.06542e+010 
 7930.2 	 1.07042e+010 
 7940.2 	 1.07543e+010 
 7950.2 	 1.08046e+010 
 7960.2 	 1.0855e+010 
 7970.2 	 1.09056e+010 
 7980.2 	 1.09563e+010 
 7990.2 	 1.10072e+010 
 8000.2 	 1.10582e+010 
 8010.2 	 1.11093e+010 
 8020.2 	 1.11606e+010 
 8030.2 	 1.12121e+010 
 8040.2 	 1.12636e+010 
 8050.2 	 1.13154e+010 
 8060.2 	 1.13672e+010 
 8070.2 	 1.14193e+010 
 8080.2 	 1.14714e+010 
 8090.2 	 1.15237e+010 
 8100.2 	 1.15762e+010 
 8110.2 	 1.16288e+010 
 8120.2 	 1.16815e+010 
 8130.2 	 1.17344e+010 
 8140.2 	 1.17874e+010 
 8150.2 	 1.18406e+010 
 8160.2 	 1.18939e+010 
 8170.2 	 1.19474e+010 
 8180.2 	 1.2001e+010 
 8190.2 	 1.20548e+010 
 8200.2 	 1.21087e+010 
 8210.2 	 1.21627e+010 
 8220.2 	 1.22169e+010 
 8230.2 	 1.22713e+010 
 8240.2 	 1.23257e+010 
 8250.2 	 1.23804e+010 
 8260.2 	 1.24351e+010 
 8270.2 	 1.24901e+010 
 8280.2 	 1.25451e+010 
 8290.2 	 1.26003e+010 
 8300.2 	 1.26557e+010 
 8310.2 	 1.27112e+010 
 8320.2 	 1.27669e+010 
 8330.2 	 1.28226e+010 
 8340.2 	 1.28786e+010 
 8350.2 	 1.29347e+010 
 8360.2 	 1.29909e+010 
 8370.2 	 1.30473e+010 
 8380.2 	 1.31038e+010 
 8390.2 	 1.31605e+010 
 8400.2 	 1.32173e+010 
 8410.2 	 1.32742e+010 
 8420.2 	 1.33313e+010 
 8430.2 	 1.33886e+010 
 8440.2 	 1.3446e+010 
 8450.2 	 1.35035e+010 
 8460.2 	 1.35612e+010 
 8470.2 	 1.36191e+010 
 8480.2 	 1.3677e+010 
 8490.2 	 1.37352e+010 
 8500.2 	 1.37934e+010 
 8510.2 	 1.38518e+010 
 8520.2 	 1.39104e+010 
 8530.2 	 1.39691e+010 
 8540.2 	 1.40279e+010 
 8550.2 	 1.40869e+010 
 8560.2 	 1.41461e+010 
 8570.2 	 1.42054e+010 
 8580.2 	 1.42648e+010 
 8590.2 	 1.43244e+010 
 8600.2 	 1.43841e+010 
 8610.2 	 1.4444e+010 
 8620.2 	 1.4504e+010 
 8630.2 	 1.45641e+010 
 8640.2 	 1.46244e+010 
 8650.2 	 1.46849e+010 
 8660.2 	 1.47455e+010 
 8670.2 	 1.48062e+010 
 8680.2 	 1.48671e+010 
 8690.2 	 1.49281e+010 
 8700.2 	 1.49893e+010 
 8710.2 	 1.50506e+010 
 8720.2 	 1.5112e+010 
 8730.2 	 1.51736e+010 
 8740.2 	 1.52354e+010 
 8750.2 	 1.52973e+010 
 8760.2 	 1.53593e+010 
 8770.2 	 1.54215e+010 
 8780.2 	 1.54838e+010 
 8790.2 	 1.55463e+010 
 8800.2 	 1.56089e+010 
 8810.2 	 1.56717e+010 
 8820.2 	 1.57346e+010 
 8830.2 	 1.57976e+010 
 8840.2 	 1.58608e+010 
 8850.2 	 1.59241e+010 
 8860.2 	 1.59876e+010 
 8870.2 	 1.60512e+010 
 8880.2 	 1.6115e+010 
 8890.2 	 1.61789e+010 
 8900.2 	 1.62429e+010 
 8910.2 	 1.63071e+010 
 8920.2 	 1.63715e+010 
 8930.2 	 1.6436e+010 
 8940.2 	 1.65006e+010 
 8950.2 	 1.65653e+010 
 8960.2 	 1.66303e+010 
 8970.2 	 1.66953e+010 
 8980.2 	 1.67605e+010 
 8990.2 	 1.68258e+010 
 9000.2 	 1.68913e+010 
 9010.2 	 1.69569e+010 
 9020.2 	 1.70227e+010 
 9030.2 	 1.70886e+010 
 9040.2 	 1.71547e+010 
 9050.2 	 1.72208e+010 
 9060.2 	 1.72872e+010 
 9070.2 	 1.73536e+010 
 9080.2 	 1.74203e+010 
 9090.2 	 1.7487e+010 
 9100.2 	 1.75539e+010 
 9110.2 	 1.7621e+010 
 9120.2 	 1.76881e+010 
 9130.2 	 1.77555e+010 
 9140.2 	 1.78229e+010 
 9150.2 	 1.78905e+010 
 9160.2 	 1.79583e+010 
 9170.2 	 1.80261e+010 
 9180.2 	 1.80942e+010 
 9190.2 	 1.81623e+010 
 9200.2 	 1.82306e+010 
 9210.2 	 1.82991e+010 
 9220.2 	 1.83677e+010 
 9230.2 	 1.84364e+010 
 9240.2 	 1.85052e+010 
 9250.2 	 1.85742e+010 
 9260.2 	 1.86434e+010 
 9270.2 	 1.87127e+010 
 9280.2 	 1.87821e+010 
 9290.2 	 1.88516e+010 
 9300.2 	 1.89213e+010 
 9310.2 	 1.89912e+010 
 9320.2 	 1.90612e+010 
 9330.2 	 1.91313e+010 
 9340.2 	 1.92015e+010 
 9350.2 	 1.92719e+010 
 9360.2 	 1.93424e+010 
 9370.2 	 1.94131e+010 
 9380.2 	 1.94839e+010 
 9390.2 	 1.95548e+010 
 9400.2 	 1.96259e+010 
 9410.2 	 1.96971e+010 
 9420.2 	 1.97685e+010 
 9430.2 	 1.984e+010 
 9440.2 	 1.99116e+010 
 9450.2 	 1.99833e+010 
 9460.2 	 2.00552e+010 
 9470.2 	 2.01273e+010 
 9480.2 	 2.01994e+010 
 9490.2 	 2.02717e+010 
 9500.2 	 2.03442e+010 
 9510.2 	 2.04167e+010 
 9520.2 	 2.04894e+010 
 9530.2 	 2.05623e+010 
 9540.2 	 2.06352e+010 
 9550.2 	 2.07084e+010 
 9560.2 	 2.07816e+010 
 9570.2 	 2.0855e+010 
 9580.2 	 2.09285e+010 
 9590.2 	 2.10021e+010 
 9600.2 	 2.10759e+010 
 9610.2 	 2.11498e+010 
 9620.2 	 2.12239e+010 
 9630.2 	 2.1298e+010 
 9640.2 	 2.13723e+010 
 9650.2 	 2.14468e+010 
 9660.2 	 2.15214e+010 
 9670.2 	 2.15961e+010 
 9680.2 	 2.16709e+010 
 9690.2 	 2.17459e+010 
 9700.2 	 2.1821e+010 
 9710.2 	 2.18962e+010 
 9720.2 	 2.19716e+010 
 9730.2 	 2.2047e+010 
 9740.2 	 2.21227e+010 
 9750.2 	 2.21984e+010 
 9760.2 	 2.22743e+010 
 9770.2 	 2.23503e+010 
 9780.2 	 2.24264e+010 
 9790.2 	 2.25027e+010 
 9800.2 	 2.25791e+010 
 9810.2 	 2.26556e+010 
 9820.2 	 2.27323e+010 
 9830.2 	 2.28091e+010 
 9840.2 	 2.2886e+010 
 9850.2 	 2.2963e+010 
 9860.2 	 2.30402e+010 
 9870.2 	 2.31175e+010 
 9880.2 	 2.31949e+010 
 9890.2 	 2.32724e+010 
 9900.2 	 2.33501e+010 
 9910.2 	 2.34279e+010 
 9920.2 	 2.35058e+010 
 9930.2 	 2.35839e+010 
 9940.2 	 2.3662e+010 
 9950.2 	 2.37403e+010 
 9960.2 	 2.38187e+010 
 9970.2 	 2.38973e+010 
 9980.2 	 2.3976e+010 
 9990.2 	 2.40548e+010 
 10000.2 	 2.41337e+010 
 10010.2 	 2.42127e+010 
 10020.2 	 2.42919e+010 
 10030.2 	 2.43712e+010 
 10040.2 	 2.44506e+010 
 10050.2 	 2.45301e+010 
 10060.2 	 2.46097e+010 
 10070.2 	 2.46895e+010 
 10080.2 	 2.47694e+010 
 10090.2 	 2.48494e+010 
 10100.2 	 2.49296e+010 
 10110.2 	 2.50098e+010 
 10120.2 	 2.50902e+010 
 10130.2 	 2.51707e+010 
 10140.2 	 2.52513e+010 
 10150.2 	 2.5332e+010 
 10160.2 	 2.54129e+010 
 10170.2 	 2.54938e+010 
 10180.2 	 2.55749e+010 
 10190.2 	 2.56561e+010 
 10200.2 	 2.57375e+010 
 10210.2 	 2.58189e+010 
 10220.2 	 2.59004e+010 
 10230.2 	 2.59821e+010 
 10240.2 	 2.60639e+010 
 10250.2 	 2.61458e+010 
 10260.2 	 2.62278e+010 
 10270.2 	 2.631e+010 
 10280.2 	 2.63922e+010 
 10290.2 	 2.64746e+010 
 10300.2 	 2.6557e+010 
 10310.2 	 2.66396e+010 
 10320.2 	 2.67223e+010 
 10330.2 	 2.68052e+010 
 10340.2 	 2.68881e+010 
 10350.2 	 2.69711e+010 
 10360.2 	 2.70543e+010 
 10370.2 	 2.71375e+010 
 10380.2 	 2.72209e+010 
 10390.2 	 2.73044e+010 
 10400.2 	 2.7388e+010 
 10410.2 	 2.74717e+010 
 10420.2 	 2.75555e+010 
 10430.2 	 2.76394e+010 
 10440.2 	 2.77235e+010 
 10450.2 	 2.78076e+010 
 10460.2 	 2.78918e+010 
 10470.2 	 2.79762e+010 
 10480.2 	 2.80607e+010 
 10490.2 	 2.81452e+010 
 10500.2 	 2.82299e+010 
 10510.2 	 2.83147e+010 
 10520.2 	 2.83996e+010 
 10530.2 	 2.84846e+010 
 10540.2 	 2.85697e+010 
 10550.2 	 2.86549e+010 
 10560.2 	 2.87402e+010 
 10570.2 	 2.88256e+010 
 10580.2 	 2.89111e+010 
 10590.2 	 2.89967e+010 
 10600.2 	 2.90824e+010 
 10610.2 	 2.91682e+010 
 10620.2 	 2.92542e+010 
 10630.2 	 2.93402e+010 
 10640.2 	 2.94263e+010 
 10650.2 	 2.95125e+010 
 10660.2 	 2.95989e+010 
 10670.2 	 2.96853e+010 
 10680.2 	 2.97718e+010 
 10690.2 	 2.98584e+010 
 10700.2 	 2.99451e+010 
 10710.2 	 3.0032e+010 
 10720.2 	 3.01189e+010 
 10730.2 	 3.02059e+010 
 10740.2 	 3.0293e+010 
 10750.2 	 3.03802e+010 
 10760.2 	 3.04675e+010 
 10770.2 	 3.05549e+010 
 10780.2 	 3.06424e+010 
 10790.2 	 3.073e+010 
 10800.2 	 3.08176e+010 
 10810.2 	 3.09054e+010 
 10820.2 	 3.09933e+010 
 10830.2 	 3.10812e+010 
 10840.2 	 3.11693e+010 
 10850.2 	 3.12574e+010 
 10860.2 	 3.13456e+010 
 10870.2 	 3.14339e+010 
 10880.2 	 3.15223e+010 
 10890.2 	 3.16108e+010 
 10900.2 	 3.16994e+010 
 10910.2 	 3.17881e+010 
 10920.2 	 3.18769e+010 
 10930.2 	 3.19657e+010 
 10940.2 	 3.20546e+010 
 10950.2 	 3.21437e+010 
 10960.2 	 3.22328e+010 
 10970.2 	 3.2322e+010 
 10980.2 	 3.24112e+010 
 10990.2 	 3.25006e+010 
 11000.2 	 3.259e+010 
 11010.2 	 3.26796e+010 
 11020.2 	 3.27692e+010 
 11030.2 	 3.28589e+010 
 11040.2 	 3.29487e+010 
 11050.2 	 3.30385e+010 
 11060.2 	 3.31284e+010 
 11070.2 	 3.32185e+010 
 11080.2 	 3.33086e+010 
 11090.2 	 3.33987e+010 
 11100.2 	 3.3489e+010 
 11110.2 	 3.35793e+010 
 11120.2 	 3.36697e+010 
 11130.2 	 3.37602e+010 
 11140.2 	 3.38508e+010 
 11150.2 	 3.39414e+010 
 11160.2 	 3.40321e+010 
 11170.2 	 3.41229e+010 
 11180.2 	 3.42138e+010 
 11190.2 	 3.43047e+010 
 11200.2 	 3.43958e+010 
 11210.2 	 3.44868e+010 
 11220.2 	 3.4578e+010 
 11230.2 	 3.46692e+010 
 11240.2 	 3.47605e+010 
 11250.2 	 3.48519e+010 
 11260.2 	 3.49433e+010 
 11270.2 	 3.50348e+010 
 11280.2 	 3.51264e+010 
 11290.2 	 3.52181e+010 
 11300.2 	 3.53098e+010 
 11310.2 	 3.54015e+010 
 11320.2 	 3.54934e+010 
 11330.2 	 3.55853e+010 
 11340.2 	 3.56773e+010 
 11350.2 	 3.57693e+010 
 11360.2 	 3.58614e+010 
 11370.2 	 3.59536e+010 
 11380.2 	 3.60458e+010 
 11390.2 	 3.61381e+010 
 11400.2 	 3.62305e+010 
 11410.2 	 3.63229e+010 
 11420.2 	 3.64154e+010 
 11430.2 	 3.65079e+010 
 11440.2 	 3.66005e+010 
 11450.2 	 3.66931e+010 
 11460.2 	 3.67858e+010 
 11470.2 	 3.68786e+010 
 11480.2 	 3.69714e+010 
 11490.2 	 3.70643e+010 
 11500.2 	 3.71572e+010 
 11510.2 	 3.72502e+010 
 11520.2 	 3.73433e+010 
 11530.2 	 3.74364e+010 
 11540.2 	 3.75295e+010 
 11550.2 	 3.76227e+010 
 11560.2 	 3.7716e+010 
 11570.2 	 3.78093e+010 
 11580.2 	 3.79026e+010 
 11590.2 	 3.7996e+010 
 11600.2 	 3.80895e+010 
 11610.2 	 3.8183e+010 
 11620.2 	 3.82765e+010 
 11630.2 	 3.83701e+010 
 11640.2 	 3.84638e+010 
 11650.2 	 3.85574e+010 
 11660.2 	 3.86512e+010 
 11670.2 	 3.87449e+010 
 11680.2 	 3.88388e+010 
 11690.2 	 3.89326e+010 
 11700.2 	 3.90265e+010 
 11710.2 	 3.91205e+010 
 11720.2 	 3.92144e+010 
 11730.2 	 3.93085e+010 
 11740.2 	 3.94025e+010 
 11750.2 	 3.94966e+010 
 11760.2 	 3.95908e+010 
 11770.2 	 3.96849e+010 
 11780.2 	 3.97792e+010 
 11790.2 	 3.98734e+010 
 11800.2 	 3.99677e+010 
 11810.2 	 4.0062e+010 
 11820.2 	 4.01563e+010 
 11830.2 	 4.02507e+010 
 11840.2 	 4.03451e+010 
 11850.2 	 4.04396e+010 
 11860.2 	 4.05341e+010 
 11870.2 	 4.06286e+010 
 11880.2 	 4.07231e+010 
 11890.2 	 4.08177e+010 
 11900.2 	 4.09123e+010 
 11910.2 	 4.10069e+010 
 11920.2 	 4.11015e+010 
 11930.2 	 4.11962e+010 
 11940.2 	 4.12909e+010 
 11950.2 	 4.13856e+010 
 11960.2 	 4.14804e+010 
 11970.2 	 4.15751e+010 
 11980.2 	 4.16699e+010 
 11990.2 	 4.17647e+010 
 12000.2 	 4.18595e+010 
 12010.2 	 4.19544e+010 
 12020.2 	 4.20492e+010 
 12030.2 	 4.21441e+010 
 12040.2 	 4.2239e+010 
 12050.2 	 4.23339e+010 
 12060.2 	 4.24289e+010 
 12070.2 	 4.25238e+010 
 12080.2 	 4.26188e+010 
 12090.2 	 4.27137e+010 
 12100.2 	 4.28087e+010 
 12110.2 	 4.29037e+010 
 12120.2 	 4.29987e+010 
 12130.2 	 4.30937e+010 
 12140.2 	 4.31888e+010 
 12150.2 	 4.32838e+010 
 12160.2 	 4.33788e+010 
 12170.2 	 4.34739e+010 
 12180.2 	 4.35689e+010 
 12190.2 	 4.3664e+010 
 12200.2 	 4.37591e+010 
 12210.2 	 4.38541e+010 
 12220.2 	 4.39492e+010 
 12230.2 	 4.40443e+010 
 12240.2 	 4.41393e+010 
 12250.2 	 4.42344e+010 
 12260.2 	 4.43295e+010 
 12270.2 	 4.44245e+010 
 12280.2 	 4.45196e+010 
 12290.2 	 4.46147e+010 
 12300.2 	 4.47097e+010 
 12310.2 	 4.48048e+010 
 12320.2 	 4.48998e+010 
 12330.2 	 4.49948e+010 
 12340.2 	 4.50899e+010 
 12350.2 	 4.51849e+010 
 12360.2 	 4.52799e+010 
 12370.2 	 4.53749e+010 
 12380.2 	 4.54699e+010 
 12390.2 	 4.55649e+010 
 12400.2 	 4.56598e+010 
 12410.2 	 4.57548e+010 
 12420.2 	 4.58497e+010 
 12430.2 	 4.59447e+010 
 12440.2 	 4.60396e+010 
 12450.2 	 4.61344e+010 
 12460.2 	 4.62293e+010 
 12470.2 	 4.63242e+010 
 12480.2 	 4.6419e+010 
 12490.2 	 4.65138e+010 
 12500.2 	 4.66086e+010 
 12510.2 	 4.67033e+010 
 12520.2 	 4.67981e+010 
 12530.2 	 4.68928e+010 
 12540.2 	 4.69875e+010 
 12550.2 	 4.70821e+010 
 12560.2 	 4.71768e+010 
 12570.2 	 4.72714e+010 
 12580.2 	 4.73659e+010 
 12590.2 	 4.74605e+010 
 12600.2 	 4.7555e+010 
 12610.2 	 4.76495e+010 
 12620.2 	 4.77439e+010 
 12630.2 	 4.78383e+010 
 12640.2 	 4.79327e+010 
 12650.2 	 4.80271e+010 
 12660.2 	 4.81214e+010 
 12670.2 	 4.82156e+010 
 12680.2 	 4.83099e+010 
 12690.2 	 4.84041e+010 
 12700.2 	 4.84982e+010 
 12710.2 	 4.85923e+010 
 12720.2 	 4.86864e+010 
 12730.2 	 4.87804e+010 
 12740.2 	 4.88744e+010 
 12750.2 	 4.89683e+010 
 12760.2 	 4.90622e+010 
 12770.2 	 4.9156e+010 
 12780.2 	 4.92498e+010 
 12790.2 	 4.93435e+010 
 12800.2 	 4.94372e+010 
 12810.2 	 4.95308e+010 
 12820.2 	 4.96244e+010 
 12830.2 	 4.97179e+010 
 12840.2 	 4.98114e+010 
 12850.2 	 4.99048e+010 
 12860.2 	 4.99982e+010 
 12870.2 	 5.00915e+010 
 12880.2 	 5.01847e+010 
 12890.2 	 5.02779e+010 
 12900.2 	 5.0371e+010 
 12910.2 	 5.0464e+010 
 12920.2 	 5.0557e+010 
 12930.2 	 5.065e+010 
 12940.2 	 5.07428e+010 
 12950.2 	 5.08356e+010 
 12960.2 	 5.09284e+010 
 12970.2 	 5.1021e+010 
 12980.2 	 5.11136e+010 
 12990.2 	 5.12061e+010 
 13000.2 	 5.12986e+010 
 13010.2 	 5.1391e+010 
 13020.2 	 5.14833e+010 
 13030.2 	 5.15755e+010 
 13040.2 	 5.16676e+010 
 13050.2 	 5.17597e+010 
 13060.2 	 5.18517e+010 
 13070.2 	 5.19436e+010 
 13080.2 	 5.20355e+010 
 13090.2 	 5.21272e+010 
 13100.2 	 5.22189e+010 
 13110.2 	 5.23105e+010 
 13120.2 	 5.2402e+010 
 13130.2 	 5.24934e+010 
 13140.2 	 5.25847e+010 
 13150.2 	 5.2676e+010 
 13160.2 	 5.27671e+010 
 13170.2 	 5.28582e+010 
 13180.2 	 5.29492e+010 
 13190.2 	 5.304e+010 
 13200.2 	 5.31308e+010 
 13210.2 	 5.32215e+010 
 13220.2 	 5.33121e+010 
 13230.2 	 5.34026e+010 
 13240.2 	 5.3493e+010 
 13250.2 	 5.35833e+010 
 13260.2 	 5.36735e+010 
 13270.2 	 5.37636e+010 
 13280.2 	 5.38536e+010 
 13290.2 	 5.39435e+010 
 13300.2 	 5.40333e+010 
 13310.2 	 5.4123e+010 
 13320.2 	 5.42125e+010 
 13330.2 	 5.4302e+010 
 13340.2 	 5.43913e+010 
 13350.2 	 5.44806e+010 
 13360.2 	 5.45697e+010 
 13370.2 	 5.46587e+010 
 13380.2 	 5.47476e+010 
 13390.2 	 5.48364e+010 
 13400.2 	 5.49251e+010 
 13410.2 	 5.50136e+010 
 13420.2 	 5.51021e+010 
 13430.2 	 5.51904e+010 
 13440.2 	 5.52786e+010 
 13450.2 	 5.53666e+010 
 13460.2 	 5.54546e+010 
 13470.2 	 5.55424e+010 
 13480.2 	 5.56301e+010 
 13490.2 	 5.57177e+010 
 13500.2 	 5.58051e+010 
 13510.2 	 5.58924e+010 
 13520.2 	 5.59796e+010 
 13530.2 	 5.60666e+010 
 13540.2 	 5.61535e+010 
 13550.2 	 5.62403e+010 
 13560.2 	 5.63269e+010 
 13570.2 	 5.64134e+010 
 13580.2 	 5.64998e+010 
 13590.2 	 5.6586e+010 
 13600.2 	 5.6672e+010 
 13610.2 	 5.6758e+010 
 13620.2 	 5.68438e+010 
 13630.2 	 5.69294e+010 
 13640.2 	 5.70149e+010 
 13650.2 	 5.71002e+010 
 13660.2 	 5.71854e+010 
 13670.2 	 5.72705e+010 
 13680.2 	 5.73554e+010 
 13690.2 	 5.74401e+010 
 13700.2 	 5.75247e+010 
 13710.2 	 5.76091e+010 
 13720.2 	 5.76934e+010 
 13730.2 	 5.77775e+010 
 13740.2 	 5.78615e+010 
 13750.2 	 5.79453e+010 
 13760.2 	 5.80289e+010 
 13770.2 	 5.81124e+010 
 13780.2 	 5.81957e+010 
 13790.2 	 5.82788e+010 
 13800.2 	 5.83618e+010 
 13810.2 	 5.84446e+010 
 13820.2 	 5.85272e+010 
 13830.2 	 5.86097e+010 
 13840.2 	 5.8692e+010 
 13850.2 	 5.87741e+010 
 13860.2 	 5.8856e+010 
 13870.2 	 5.89378e+010 
 13880.2 	 5.90193e+010 
 13890.2 	 5.91007e+010 
 13900.2 	 5.9182e+010 
 13910.2 	 5.9263e+010 
 13920.2 	 5.93438e+010 
 13930.2 	 5.94245e+010 
 13940.2 	 5.9505e+010 
 13950.2 	 5.95853e+010 
 13960.2 	 5.96654e+010 
 13970.2 	 5.97453e+010 
 13980.2 	 5.9825e+010 
 13990.2 	 5.99045e+010 
 14000.2 	 5.99839e+010 
 14010.2 	 6.0063e+010 
 14020.2 	 6.0142e+010 
 14030.2 	 6.02207e+010 
 14040.2 	 6.02992e+010 
 14050.2 	 6.03776e+010 
 14060.2 	 6.04557e+010 
 14070.2 	 6.05336e+010 
 14080.2 	 6.06113e+010 
 14090.2 	 6.06889e+010 
 14100.2 	 6.07662e+010 
 14110.2 	 6.08432e+010 
 14120.2 	 6.09201e+010 
 14130.2 	 6.09968e+010 
 14140.2 	 6.10732e+010 
 14150.2 	 6.11495e+010 
 14160.2 	 6.12255e+010 
 14170.2 	 6.13013e+010 
 14180.2 	 6.13769e+010 
 14190.2 	 6.14522e+010 
 14200.2 	 6.15274e+010 
 14210.2 	 6.16023e+010 
 14220.2 	 6.16769e+010 
 14230.2 	 6.17514e+010 
 14240.2 	 6.18256e+010 
 14250.2 	 6.18996e+010 
 14260.2 	 6.19734e+010 
 14270.2 	 6.20469e+010 
 14280.2 	 6.21202e+010 
 14290.2 	 6.21932e+010 
 14300.2 	 6.2266e+010 
 14310.2 	 6.23386e+010 
 14320.2 	 6.24109e+010 
 14330.2 	 6.2483e+010 
 14340.2 	 6.25549e+010 
 14350.2 	 6.26265e+010 
 14360.2 	 6.26978e+010 
 14370.2 	 6.27689e+010 
 14380.2 	 6.28397e+010 
 14390.2 	 6.29103e+010 
 14400.2 	 6.29807e+010 
 14410.2 	 6.30508e+010 
 14420.2 	 6.31206e+010 
 14430.2 	 6.31902e+010 
 14440.2 	 6.32595e+010 
 14450.2 	 6.33285e+010 
 14460.2 	 6.33973e+010 
 14470.2 	 6.34658e+010 
 14480.2 	 6.35341e+010 
 14490.2 	 6.3602e+010 
 14500.2 	 6.36698e+010 
 14510.2 	 6.37372e+010 
 14520.2 	 6.38044e+010 
 14530.2 	 6.38713e+010 
 14540.2 	 6.39379e+010 
 14550.2 	 6.40042e+010 
 14560.2 	 6.40703e+010 
 14570.2 	 6.41361e+010 
 14580.2 	 6.42016e+010 
 14590.2 	 6.42668e+010 
 14600.2 	 6.43317e+010 
 14610.2 	 6.43963e+010 
 14620.2 	 6.44607e+010 
 14630.2 	 6.45248e+010 
 14640.2 	 6.45885e+010 
 14650.2 	 6.4652e+010 
 14660.2 	 6.47152e+010 
 14670.2 	 6.47781e+010 
 14680.2 	 6.48406e+010 
 14690.2 	 6.49029e+010 
 14700.2 	 6.49649e+010 
 14710.2 	 6.50266e+010 
 14720.2 	 6.5088e+010 
 14730.2 	 6.5149e+010 
 14740.2 	 6.52098e+010 
 14750.2 	 6.52702e+010 
 14760.2 	 6.53304e+010 
 14770.2 	 6.53902e+010 
 14780.2 	 6.54497e+010 
 14790.2 	 6.55089e+010 
 14800.2 	 6.55677e+010 
 14810.2 	 6.56263e+010 
 14820.2 	 6.56845e+010 
 14830.2 	 6.57424e+010 
 14840.2 	 6.58e+010 
 14850.2 	 6.58572e+010 
 14860.2 	 6.59141e+010 
 14870.2 	 6.59707e+010 
 14880.2 	 6.6027e+010 
 14890.2 	 6.60829e+010 
 14900.2 	 6.61385e+010 
 14910.2 	 6.61937e+010 
 14920.2 	 6.62486e+010 
 14930.2 	 6.63032e+010 
 14940.2 	 6.63574e+010 
 14950.2 	 6.64113e+010 
 14960.2 	 6.64648e+010 
 14970.2 	 6.6518e+010 
 14980.2 	 6.65708e+010 
 14990.2 	 6.66233e+010 
 15000.2 	 6.66754e+010 
 15010.2 	 6.67272e+010 
 15020.2 	 6.67786e+010 
 15030.2 	 6.68297e+010 
 15040.2 	 6.68804e+010 
 15050.2 	 6.69307e+010 
 15060.2 	 6.69807e+010 
 15070.2 	 6.70303e+010 
 15080.2 	 6.70795e+010 
 15090.2 	 6.71283e+010 
 15100.2 	 6.71768e+010 
 15110.2 	 6.7225e+010 
 15120.2 	 6.72727e+010 
 15130.2 	 6.73201e+010 
 15140.2 	 6.7367e+010 
 15150.2 	 6.74136e+010 
 15160.2 	 6.74599e+010 
 15170.2 	 6.75057e+010 
 15180.2 	 6.75512e+010 
 15190.2 	 6.75962e+010 
 15200.2 	 6.76409e+010 
 15210.2 	 6.76852e+010 
 15220.2 	 6.77291e+010 
 15230.2 	 6.77725e+010 
 15240.2 	 6.78156e+010 
 15250.2 	 6.78583e+010 
 15260.2 	 6.79006e+010 
 15270.2 	 6.79425e+010 
 15280.2 	 6.7984e+010 
 15290.2 	 6.80251e+010 
 15300.2 	 6.80657e+010 
 15310.2 	 6.8106e+010 
 15320.2 	 6.81458e+010 
 15330.2 	 6.81853e+010 
 15340.2 	 6.82243e+010 
 15350.2 	 6.82629e+010 
 15360.2 	 6.83011e+010 
 15370.2 	 6.83388e+010 
 15380.2 	 6.83762e+010 
 15390.2 	 6.84131e+010 
 15400.2 	 6.84495e+010 
 15410.2 	 6.84856e+010 
 15420.2 	 6.85212e+010 
 15430.2 	 6.85564e+010 
 15440.2 	 6.85911e+010 
 15450.2 	 6.86254e+010 
 15460.2 	 6.86593e+010 
 15470.2 	 6.86927e+010 
 15480.2 	 6.87257e+010 
 15490.2 	 6.87582e+010 
 15500.2 	 6.87903e+010 
 15510.2 	 6.8822e+010 
 15520.2 	 6.88532e+010 
 15530.2 	 6.88839e+010 
 15540.2 	 6.89142e+010 
 15550.2 	 6.8944e+010 
 15560.2 	 6.89734e+010 
 15570.2 	 6.90023e+010 
 15580.2 	 6.90307e+010 
 15590.2 	 6.90587e+010 
 15600.2 	 6.90862e+010 
 15610.2 	 6.91132e+010 
 15620.2 	 6.91398e+010 
 15630.2 	 6.91659e+010 
 15640.2 	 6.91915e+010 
 15650.2 	 6.92166e+010 
 15660.2 	 6.92413e+010 
 15670.2 	 6.92655e+010 
 15680.2 	 6.92892e+010 
 15690.2 	 6.93124e+010 
 15700.2 	 6.93351e+010 
 15710.2 	 6.93573e+010 
 15720.2 	 6.93791e+010 
 15730.2 	 6.94003e+010 
 15740.2 	 6.9421e+010 
 15750.2 	 6.94413e+010 
 15760.2 	 6.9461e+010 
 15770.2 	 6.94803e+010 
 15780.2 	 6.9499e+010 
 15790.2 	 6.95173e+010 
 15800.2 	 6.9535e+010 
 15810.2 	 6.95522e+010 
 15820.2 	 6.95689e+010 
 15830.2 	 6.95851e+010 
 15840.2 	 6.96008e+010 
 15850.2 	 6.96159e+010 
 15860.2 	 6.96306e+010 
 15870.2 	 6.96447e+010 
 15880.2 	 6.96583e+010 
 15890.2 	 6.96713e+010 
 15900.2 	 6.96838e+010 
 15910.2 	 6.96958e+010 
 15920.2 	 6.97073e+010 
 15930.2 	 6.97182e+010 
 15940.2 	 6.97286e+010 
 15950.2 	 6.97384e+010 
 15960.2 	 6.97477e+010 
 15970.2 	 6.97565e+010 
 15980.2 	 6.97647e+010 
 15990.2 	 6.97724e+010 
 16000.2 	 6.97795e+010 
 16010.2 	 6.9786e+010 
 16020.2 	 6.9792e+010 
 16030.2 	 6.97975e+010 
 16040.2 	 6.98024e+010 
 16050.2 	 6.98067e+010 
 16060.2 	 6.98104e+010 
 16070.2 	 6.98136e+010 
 16080.2 	 6.98162e+010 
 16090.2 	 6.98183e+010 
 16100.2 	 6.98198e+010 
 16110.2 	 6.98206e+010 
 16120.2 	 6.9821e+010 
 16130.2 	 6.98207e+010 
 16140.2 	 6.98199e+010 
 16150.2 	 6.98184e+010 
 16160.2 	 6.98164e+010 
 16170.2 	 6.98138e+010 
 16180.2 	 6.98106e+010 
 16190.2 	 6.98068e+010 
 16200.2 	 6.98024e+010 
 16210.2 	 6.97975e+010 
 16220.2 	 6.97919e+010 
 16230.2 	 6.97857e+010 
 16240.2 	 6.97789e+010 
 16250.2 	 6.97715e+010 
 16260.2 	 6.97635e+010 
 16270.2 	 6.97549e+010 
 16280.2 	 6.97456e+010 
 16290.2 	 6.97358e+010 
 16300.2 	 6.97253e+010 
 16310.2 	 6.97142e+010 
 16320.2 	 6.97025e+010 
 16330.2 	 6.96902e+010 
 16340.2 	 6.96772e+010 
 16350.2 	 6.96636e+010 
 16360.2 	 6.96493e+010 
 16370.2 	 6.96345e+010 
 16380.2 	 6.9619e+010 
 16390.2 	 6.96028e+010 
 16400.2 	 6.9586e+010 
 16410.2 	 6.95686e+010 
 16420.2 	 6.95505e+010 
 16430.2 	 6.95318e+010 
 16440.2 	 6.95124e+010 
 16450.2 	 6.94924e+010 
 16460.2 	 6.94717e+010 
 16470.2 	 6.94503e+010 
 16480.2 	 6.94283e+010 
 16490.2 	 6.94056e+010 
 16500.2 	 6.93823e+010 
 16510.2 	 6.93583e+010 
 16520.2 	 6.93336e+010 
 16530.2 	 6.93083e+010 
 16540.2 	 6.92822e+010 
 16550.2 	 6.92555e+010 
 16560.2 	 6.92281e+010 
 16570.2 	 6.92e+010 
 16580.2 	 6.91713e+010 
 16590.2 	 6.91418e+010 
 16600.2 	 6.91117e+010 
 16610.2 	 6.90809e+010 
 16620.2 	 6.90494e+010 
 16630.2 	 6.90171e+010 
 16640.2 	 6.89842e+010 
 16650.2 	 6.89506e+010 
 16660.2 	 6.89163e+010 
 16670.2 	 6.88812e+010 
 16680.2 	 6.88455e+010 
 16690.2 	 6.8809e+010 
 16700.2 	 6.87718e+010 
 16710.2 	 6.87339e+010 
 16720.2 	 6.86953e+010 
 16730.2 	 6.8656e+010 
 16740.2 	 6.86159e+010 
 16750.2 	 6.85751e+010 
 16760.2 	 6.85336e+010 
 16770.2 	 6.84914e+010 
 16780.2 	 6.84484e+010 
 16790.2 	 6.84047e+010 
 16800.2 	 6.83602e+010 
 16810.2 	 6.8315e+010 
 16820.2 	 6.8269e+010 
 16830.2 	 6.82223e+010 
 16840.2 	 6.81749e+010 
 16850.2 	 6.81267e+010 
 16860.2 	 6.80777e+010 
 16870.2 	 6.8028e+010 
 16880.2 	 6.79775e+010 
 16890.2 	 6.79263e+010 
 16900.2 	 6.78743e+010 
 16910.2 	 6.78215e+010 
 16920.2 	 6.77679e+010 
 16930.2 	 6.77136e+010 
 16940.2 	 6.76585e+010 
 16950.2 	 6.76026e+010 
 16960.2 	 6.7546e+010 
 16970.2 	 6.74885e+010 
 16980.2 	 6.74303e+010 
 16990.2 	 6.73713e+010 
 17000.2 	 6.73115e+010 
 17010.2 	 6.72509e+010 
 17020.2 	 6.71895e+010 
 17030.2 	 6.71273e+010 
 17040.2 	 6.70643e+010 
 17050.2 	 6.70005e+010 
 17060.2 	 6.69359e+010 
 17070.2 	 6.68704e+010 
 17080.2 	 6.68042e+010 
 17090.2 	 6.67371e+010 
 17100.2 	 6.66693e+010 
 17110.2 	 6.66006e+010 
 17120.2 	 6.65311e+010 
 17130.2 	 6.64607e+010 
 17140.2 	 6.63895e+010 
 17150.2 	 6.63175e+010 
 17160.2 	 6.62447e+010 
 17170.2 	 6.6171e+010 
 17180.2 	 6.60965e+010 
 17190.2 	 6.60211e+010 
 17200.2 	 6.59449e+010 
 17210.2 	 6.58679e+010 
 17220.2 	 6.579e+010 
 17230.2 	 6.57112e+010 
 17240.2 	 6.56316e+010 
 17250.2 	 6.55511e+010 
 17260.2 	 6.54698e+010 
 17270.2 	 6.53876e+010 
 17280.2 	 6.53045e+010 
 17290.2 	 6.52206e+010 
 17300.2 	 6.51357e+010 
 17310.2 	 6.50501e+010 
 17320.2 	 6.49635e+010 
 17330.2 	 6.4876e+010 
 17340.2 	 6.47877e+010 
 17350.2 	 6.46985e+010 
 17360.2 	 6.46084e+010 
 17370.2 	 6.45174e+010 
 17380.2 	 6.44255e+010 
 17390.2 	 6.43327e+010 
 17400.2 	 6.4239e+010 
 17410.2 	 6.41444e+010 
 17420.2 	 6.40489e+010 
 17430.2 	 6.39525e+010 
 17440.2 	 6.38551e+010 
 17450.2 	 6.37569e+010 
 17460.2 	 6.36577e+010 
 17470.2 	 6.35577e+010 
 17480.2 	 6.34567e+010 
 17490.2 	 6.33547e+010 
 17500.2 	 6.32519e+010 
 17510.2 	 6.31481e+010 
 17520.2 	 6.30433e+010 
 17530.2 	 6.29377e+010 
 17540.2 	 6.28311e+010 
 17550.2 	 6.27235e+010 
 17560.2 	 6.2615e+010 
 17570.2 	 6.25056e+010 
 17580.2 	 6.23952e+010 
 17590.2 	 6.22838e+010 
 17600.2 	 6.21715e+010 
 17610.2 	 6.20582e+010 
 17620.2 	 6.1944e+010 
 17630.2 	 6.18288e+010 
 17640.2 	 6.17126e+010 
 17650.2 	 6.15955e+010 
 17660.2 	 6.14773e+010 
 17670.2 	 6.13582e+010 
 17680.2 	 6.12382e+010 
 17690.2 	 6.11171e+010 
 17700.2 	 6.0995e+010 
 17710.2 	 6.0872e+010 
 17720.2 	 6.07479e+010 
 17730.2 	 6.06229e+010 
 17740.2 	 6.04969e+010 
 17750.2 	 6.03698e+010 
 17760.2 	 6.02418e+010 
 17770.2 	 6.01127e+010 
 17780.2 	 5.99827e+010 
 17790.2 	 5.98516e+010 
 17800.2 	 5.97195e+010 
 17810.2 	 5.95864e+010 
 17820.2 	 5.94522e+010 
 17830.2 	 5.93171e+010 
 17840.2 	 5.91809e+010 
 17850.2 	 5.90436e+010 
 17860.2 	 5.89054e+010 
 17870.2 	 5.87661e+010 
 17880.2 	 5.86257e+010 
 17890.2 	 5.84843e+010 
 17900.2 	 5.83419e+010 
 17910.2 	 5.81984e+010 
 17920.2 	 5.80538e+010 
 17930.2 	 5.79082e+010 
 17940.2 	 5.77616e+010 
 17950.2 	 5.76139e+010 
 17960.2 	 5.74651e+010 
 17970.2 	 5.73152e+010 
 17980.2 	 5.71643e+010 
 17990.2 	 5.70123e+010 
 18000.2 	 5.68592e+010 
 18010.2 	 5.6705e+010 
 18020.2 	 5.65497e+010 
 18030.2 	 5.63934e+010 
 18040.2 	 5.6236e+010 
 18050.2 	 5.60774e+010 
 18060.2 	 5.59178e+010 
 18070.2 	 5.57571e+010 
 18080.2 	 5.55952e+010 
 18090.2 	 5.54323e+010 
 18100.2 	 5.52683e+010 
 18110.2 	 5.51031e+010 
 18120.2 	 5.49368e+010 
 18130.2 	 5.47694e+010 
 18140.2 	 5.46009e+010 
 18150.2 	 5.44312e+010 
 18160.2 	 5.42605e+010 
 18170.2 	 5.40886e+010 
 18180.2 	 5.39155e+010 
 18190.2 	 5.37413e+010 
 18200.2 	 5.3566e+010 
 18210.2 	 5.33895e+010 
 18220.2 	 5.32119e+010 
 18230.2 	 5.30331e+010 
 18240.2 	 5.28532e+010 
 18250.2 	 5.26721e+010 
 18260.2 	 5.24899e+010 
 18270.2 	 5.23065e+010 
 18280.2 	 5.21219e+010 
 18290.2 	 5.19361e+010 
 18300.2 	 5.17492e+010 
 18310.2 	 5.15611e+010 
 18320.2 	 5.13718e+010 
 18330.2 	 5.11813e+010 
 18340.2 	 5.09897e+010 
 18350.2 	 5.07968e+010 
 18360.2 	 5.06028e+010 
 18370.2 	 5.04075e+010 
 18380.2 	 5.02111e+010 
 18390.2 	 5.00135e+010 
 18400.2 	 4.98146e+010 
 18410.2 	 4.96145e+010 
 18420.2 	 4.94133e+010 
 18430.2 	 4.92108e+010 
 18440.2 	 4.90071e+010 
 18450.2 	 4.88021e+010 
 18460.2 	 4.8596e+010 
 18470.2 	 4.83886e+010 
 18480.2 	 4.81799e+010 
 18490.2 	 4.79701e+010 
 18500.2 	 4.77589e+010 
 18510.2 	 4.75466e+010 
 18520.2 	 4.7333e+010 
 18530.2 	 4.71181e+010 
 18540.2 	 4.6902e+010 
 18550.2 	 4.66847e+010 
 18560.2 	 4.6466e+010 
 18570.2 	 4.62461e+010 
 18580.2 	 4.6025e+010 
 18590.2 	 4.58026e+010 
 18600.2 	 4.55789e+010 
 18610.2 	 4.53539e+010 
 18620.2 	 4.51276e+010 
 18630.2 	 4.49001e+010 
 18640.2 	 4.46712e+010 
 18650.2 	 4.44411e+010 
 18660.2 	 4.42097e+010 
 18670.2 	 4.39769e+010 
 18680.2 	 4.37429e+010 
 18690.2 	 4.35076e+010 
 18700.2 	 4.32709e+010 
 18710.2 	 4.3033e+010 
 18720.2 	 4.27937e+010 
 18730.2 	 4.25531e+010 
 18740.2 	 4.23112e+010 
 18750.2 	 4.2068e+010 
 18760.2 	 4.18234e+010 
 18770.2 	 4.15775e+010 
 18780.2 	 4.13302e+010 
 18790.2 	 4.10817e+010 
 18800.2 	 4.08317e+010 
 18810.2 	 4.05804e+010 
 18820.2 	 4.03278e+010 
 18830.2 	 4.00738e+010 
 18840.2 	 3.98185e+010 
 18850.2 	 3.95618e+010 
 18860.2 	 3.93037e+010 
 18870.2 	 3.90443e+010 
 18880.2 	 3.87835e+010 
 18890.2 	 3.85213e+010 
 18900.2 	 3.82577e+010 
 18910.2 	 3.79928e+010 
 18920.2 	 3.77264e+010 
 18930.2 	 3.74587e+010 
 18940.2 	 3.71896e+010 
 18950.2 	 3.69191e+010 
 18960.2 	 3.66472e+010 
 18970.2 	 3.63738e+010 
 18980.2 	 3.60991e+010 
 18990.2 	 3.58229e+010 
 19000.2 	 3.55454e+010 
 19010.2 	 3.52664e+010 
 19020.2 	 3.4986e+010 
 19030.2 	 3.47042e+010 
 19040.2 	 3.44209e+010 
 19050.2 	 3.41362e+010 
 19060.2 	 3.38501e+010 
 19070.2 	 3.35625e+010 
 19080.2 	 3.32735e+010 
 19090.2 	 3.2983e+010 
 19100.2 	 3.26911e+010 
 19110.2 	 3.23977e+010 
 19120.2 	 3.21029e+010 
 19130.2 	 3.18066e+010 
 19140.2 	 3.15088e+010 
 19150.2 	 3.12096e+010 
 19160.2 	 3.09088e+010 
 19170.2 	 3.06066e+010 
 19180.2 	 3.0303e+010 
 19190.2 	 2.99978e+010 
 19200.2 	 2.96912e+010 
 19210.2 	 2.9383e+010 
 19220.2 	 2.90734e+010 
 19230.2 	 2.87622e+010 
 19240.2 	 2.84496e+010 
 19250.2 	 2.81354e+010 
 19260.2 	 2.78198e+010 
 19270.2 	 2.75026e+010 
 19280.2 	 2.71839e+010 
 19290.2 	 2.68636e+010 
 19300.2 	 2.65419e+010 
 19310.2 	 2.62186e+010 
 19320.2 	 2.58938e+010 
 19330.2 	 2.55674e+010 
 19340.2 	 2.52395e+010 
 19350.2 	 2.49101e+010 
 19360.2 	 2.45791e+010 
 19370.2 	 2.42465e+010 
 19380.2 	 2.39124e+010 
 19390.2 	 2.35767e+010 
 19400.2 	 2.32395e+010 
 19410.2 	 2.29007e+010 
 19420.2 	 2.25603e+010 
 19430.2 	 2.22183e+010 
 19440.2 	 2.18748e+010 
 19450.2 	 2.15297e+010 
 19460.2 	 2.1183e+010 
 19470.2 	 2.08347e+010 
 19480.2 	 2.04848e+010 
 19490.2 	 2.01333e+010 
 19500.2 	 1.97801e+010 
 19510.2 	 1.94254e+010 
 19520.2 	 1.90691e+010 
 19530.2 	 1.87112e+010 
 19540.2 	 1.83516e+010 
 19550.2 	 1.79904e+010 
 19560.2 	 1.76276e+010 
 19570.2 	 1.72631e+010 
 19580.2 	 1.68971e+010 
 19590.2 	 1.65293e+010 
 19600.2 	 1.616e+010 
 19610.2 	 1.5789e+010 
 19620.2 	 1.54163e+010 
 19630.2 	 1.5042e+010 
 19640.2 	 1.4666e+010 
 19650.2 	 1.42883e+010 
 19660.2 	 1.3909e+010 
 19670.2 	 1.3528e+010 
 19680.2 	 1.31454e+010 
 19690.2 	 1.2761e+010 
 19700.2 	 1.2375e+010 
 19710.2 	 1.19873e+010 
 19720.2 	 1.15979e+010 
 19730.2 	 1.12068e+010 
 19740.2 	 1.0814e+010 
 19750.2 	 1.04195e+010 
 19760.2 	 1.00233e+010 
 19770.2 	 9.62536e+009 
 19780.2 	 9.22572e+009 
 19790.2 	 8.82436e+009 
 19800.2 	 8.42127e+009 
 19810.2 	 8.01646e+009 
 19820.2 	 7.60992e+009 
 19830.2 	 7.20164e+009 
 19840.2 	 6.79162e+009 
 19850.2 	 6.37985e+009 
 19860.2 	 5.96634e+009 
 19870.2 	 5.55107e+009 
 19880.2 	 5.13405e+009 
 19890.2 	 4.71526e+009 
 19900.2 	 4.29471e+009 
 19910.2 	 3.87239e+009 
 19920.2 	 3.4483e+009 
 19930.2 	 3.02243e+009 
 19940.2 	 2.59478e+009