 # Re 	 CD 
 0.2 	 103 
 10.2 	 -140.938 
 20.2 	 6.71567 
 30.2 	 189.426 
 40.2 	 339.997 
 50.2 	 460.414 
 60.2 	 552.664 
 70.2 	 618.734 
 80.2 	 660.609 
 90.2 	 680.275 
 100.2 	 679.72 
 110.2 	 660.929 
 120.2 	 625.888 
 130.2 	 576.585 
 140.2 	 515.004 
 150.2 	 443.133 
 160.2 	 362.958 
 170.2 	 276.464 
 180.2 	 185.639 
 190.2 	 92.4686 
 200.2 	 -1.06127 
 210.2 	 -93.317 
 220.2 	 -183.995 
 230.2 	 -273.104 
 240.2 	 -360.653 
 250.2 	 -446.652 
 260.2 	 -531.11 
 270.2 	 -614.037 
 280.2 	 -695.44 
 290.2 	 -775.33 
 300.2 	 -853.716 
 310.2 	 -930.607 
 320.2 	 -1006.01 
 330.2 	 -1079.94 
 340.2 	 -1152.4 
 350.2 	 -1223.41 
 360.2 	 -1292.96 
 370.2 	 -1361.07 
 380.2 	 -1427.76 
 390.2 	 -1493.02 
 400.2 	 -1556.87 
 410.2 	 -1619.32 
 420.2 	 -1680.38 
 430.2 	 -1740.05 
 440.2 	 -1798.34 
 450.2 	 -1855.27 
 460.2 	 -1910.84 
 470.2 	 -1965.07 
 480.2 	 -2017.96 
 490.2 	 -2069.51 
 500.2 	 -2119.75 
 510.2 	 -2168.68 
 520.2 	 -2216.3 
 530.2 	 -2262.64 
 540.2 	 -2307.69 
 550.2 	 -2351.47 
 560.2 	 -2393.98 
 570.2 	 -2435.24 
 580.2 	 -2475.25 
 590.2 	 -2514.02 
 600.2 	 -2551.57 
 610.2 	 -2587.9 
 620.2 	 -2623.02 
 630.2 	 -2656.94 
 640.2 	 -2689.67 
 650.2 	 -2721.21 
 660.2 	 -2751.59 
 670.2 	 -2780.8 
 680.2 	 -2808.86 
 690.2 	 -2835.77 
 700.2 	 -2861.55 
 710.2 	 -2886.2 
 720.2 	 -2909.73 
 730.2 	 -2932.16 
 740.2 	 -2953.49 
 750.2 	 -2973.73 
 760.2 	 -2992.89 
 770.2 	 -3010.98 
 780.2 	 -3028 
 790.2 	 -3043.98 
 800.2 	 -3058.91 
 810.2 	 -3072.8 
 820.2 	 -3085.68 
 830.2 	 -3097.53 
 840.2 	 -3108.38 
 850.2 	 -3118.23 
 860.2 	 -3127.1 
 870.2 	 -3134.99 
 880.2 	 -3141.9 
 890.2 	 -3147.86 
 900.2 	 -3152.87 
 910.2 	 -3156.93 
 920.2 	 -3160.06 
 930.2 	 -3162.27 
 940.2 	 -3163.56 
 950.2 	 -3163.95 
 960.2 	 -3163.44 
 970.2 	 -3162.05 
 980.2 	 -3159.78 
 990.2 	 -3156.64 
 1000.2 	 -3152.64 
 1010.2 	 -3147.79 
 1020.2 	 -3142.11 
 1030.2 	 -3135.59 
 1040.2 	 -3128.25 
 1050.2 	 -3120.09 
 1060.2 	 -3111.14 
 1070.2 	 -3101.38 
 1080.2 	 -3090.85 
 1090.2 	 -3079.54 
 1100.2 	 -3067.46 
 1110.2 	 -3054.62 
 1120.2 	 -3041.04 
 1130.2 	 -3026.71 
 1140.2 	 -3011.66 
 1150.2 	 -2995.88 
 1160.2 	 -2979.4 
 1170.2 	 -2962.21 
 1180.2 	 -2944.33 
 1190.2 	 -2925.77 
 1200.2 	 -2906.53 
 1210.2 	 -2886.63 
 1220.2 	 -2866.07 
 1230.2 	 -2844.86 
 1240.2 	 -2823.02 
 1250.2 	 -2800.54 
 1260.2 	 -2777.45 
 1270.2 	 -2753.75 
 1280.2 	 -2729.45 
 1290.2 	 -2704.56 
 1300.2 	 -2679.08 
 1310.2 	 -2653.03 
 1320.2 	 -2626.42 
 1330.2 	 -2599.25 
 1340.2 	 -2571.54 
 1350.2 	 -2543.29 
 1360.2 	 -2514.51 
 1370.2 	 -2485.22 
 1380.2 	 -2455.42 
 1390.2 	 -2425.12 
 1400.2 	 -2394.33 
 1410.2 	 -2363.05 
 1420.2 	 -2331.31 
 1430.2 	 -2299.1 
 1440.2 	 -2266.45 
 1450.2 	 -2233.34 
 1460.2 	 -2199.8 
 1470.2 	 -2165.84 
 1480.2 	 -2131.46 
 1490.2 	 -2096.67 
 1500.2 	 -2061.49 
 1510.2 	 -2025.92 
 1520.2 	 -1989.96 
 1530.2 	 -1953.64 
 1540.2 	 -1916.96 
 1550.2 	 -1879.92 
 1560.2 	 -1842.54 
 1570.2 	 -1804.83 
 1580.2 	 -1766.8 
 1590.2 	 -1728.44 
 1600.2 	 -1689.79 
 1610.2 	 -1650.84 
 1620.2 	 -1611.6 
 1630.2 	 -1572.08 
 1640.2 	 -1532.29 
 1650.2 	 -1492.25 
 1660.2 	 -1451.95 
 1670.2 	 -1411.41 
 1680.2 	 -1370.64 
 1690.2 	 -1329.65 
 1700.2 	 -1288.44 
 1710.2 	 -1247.03 
 1720.2 	 -1205.43 
 1730.2 	 -1163.64 
 1740.2 	 -1121.67 
 1750.2 	 -1079.53 
 1760.2 	 -1037.24 
 1770.2 	 -994.799 
 1780.2 	 -952.218 
 1790.2 	 -909.506 
 1800.2 	 -866.672 
 1810.2 	 -823.727 
 1820.2 	 -780.678 
 1830.2 	 -737.536 
 1840.2 	 -694.31 
 1850.2 	 -651.008 
 1860.2 	 -607.641 
 1870.2 	 -564.217 
 1880.2 	 -520.745 
 1890.2 	 -477.235 
 1900.2 	 -433.696 
 1910.2 	 -390.137 
 1920.2 	 -346.567 
 1930.2 	 -302.996 
 1940.2 	 -259.433 
 1950.2 	 -215.887 
 1960.2 	 -172.367 
 1970.2 	 -128.882 
 1980.2 	 -85.4421 
 1990.2 	 -42.0561 
 2000.2 	 1.26678 
 2010.2 	 44.519 
 2020.2 	 87.699 
 2030.2 	 130.807 
 2040.2 	 173.843 
 2050.2 	 216.807 
 2060.2 	 259.699 
 2070.2 	 302.519 
 2080.2 	 345.267 
 2090.2 	 387.944 
 2100.2 	 430.548 
 2110.2 	 473.081 
 2120.2 	 515.543 
 2130.2 	 557.932 
 2140.2 	 600.25 
 2150.2 	 642.496 
 2160.2 	 684.671 
 2170.2 	 726.774 
 2180.2 	 768.806 
 2190.2 	 810.766 
 2200.2 	 852.655 
 2210.2 	 894.473 
 2220.2 	 936.219 
 2230.2 	 977.894 
 2240.2 	 1019.5 
 2250.2 	 1061.03 
 2260.2 	 1102.49 
 2270.2 	 1143.88 
 2280.2 	 1185.2 
 2290.2 	 1226.45 
 2300.2 	 1267.63 
 2310.2 	 1308.73 
 2320.2 	 1349.77 
 2330.2 	 1390.73 
 2340.2 	 1431.63 
 2350.2 	 1472.45 
 2360.2 	 1513.2 
 2370.2 	 1553.88 
 2380.2 	 1594.5 
 2390.2 	 1635.04 
 2400.2 	 1675.51 
 2410.2 	 1715.9 
 2420.2 	 1756.23 
 2430.2 	 1796.49 
 2440.2 	 1836.68 
 2450.2 	 1876.8 
 2460.2 	 1916.84 
 2470.2 	 1956.82 
 2480.2 	 1996.73 
 2490.2 	 2036.56 
 2500.2 	 2076.33 
 2510.2 	 2116.02 
 2520.2 	 2155.65 
 2530.2 	 2195.21 
 2540.2 	 2234.69 
 2550.2 	 2274.11 
 2560.2 	 2313.45 
 2570.2 	 2352.73 
 2580.2 	 2391.93 
 2590.2 	 2431.07 
 2600.2 	 2470.14 
 2610.2 	 2509.13 
 2620.2 	 2548.06 
 2630.2 	 2586.92 
 2640.2 	 2625.71 
 2650.2 	 2664.42 
 2660.2 	 2703.07 
 2670.2 	 2741.65 
 2680.2 	 2780.16 
 2690.2 	 2818.6 
 2700.2 	 2856.97 
 2710.2 	 2895.27 
 2720.2 	 2933.5 
 2730.2 	 2971.67 
 2740.2 	 3009.76 
 2750.2 	 3047.79 
 2760.2 	 3085.74 
 2770.2 	 3123.63 
 2780.2 	 3161.44 
 2790.2 	 3199.19 
 2800.2 	 3236.87 
 2810.2 	 3274.48 
 2820.2 	 3312.02 
 2830.2 	 3349.49 
 2840.2 	 3386.9 
 2850.2 	 3424.23 
 2860.2 	 3461.5 
 2870.2 	 3498.7 
 2880.2 	 3535.83 
 2890.2 	 3572.89 
 2900.2 	 3609.88 
 2910.2 	 3646.8 
 2920.2 	 3683.65 
 2930.2 	 3720.44 
 2940.2 	 3757.16 
 2950.2 	 3793.81 
 2960.2 	 3830.39 
 2970.2 	 3866.9 
 2980.2 	 3903.34 
 2990.2 	 3939.72 
 3000.2 	 3976.03 
 3010.2 	 4012.27 
 3020.2 	 4048.44 
 3030.2 	 4084.54 
 3040.2 	 4120.58 
 3050.2 	 4156.55 
 3060.2 	 4192.45 
 3070.2 	 4228.28 
 3080.2 	 4264.04 
 3090.2 	 4299.74 
 3100.2 	 4335.37 
 3110.2 	 4370.93 
 3120.2 	 4406.42 
 3130.2 	 4441.84 
 3140.2 	 4477.2 
 3150.2 	 4512.49 
 3160.2 	 4547.71 
 3170.2 	 4582.87 
 3180.2 	 4617.96 
 3190.2 	 4652.98 
 3200.2 	 4687.93 
 3210.2 	 4722.82 
 3220.2 	 4757.63 
 3230.2 	 4792.38 
 3240.2 	 4827.07 
 3250.2 	 4861.68 
 3260.2 	 4896.23 
 3270.2 	 4930.72 
 3280.2 	 4965.13 
 3290.2 	 4999.48 
 3300.2 	 5033.76 
 3310.2 	 5067.97 
 3320.2 	 5102.12 
 3330.2 	 5136.2 
 3340.2 	 5170.22 
 3350.2 	 5204.16 
 3360.2 	 5238.04 
 3370.2 	 5271.86 
 3380.2 	 5305.6 
 3390.2 	 5339.28 
 3400.2 	 5372.9 
 3410.2 	 5406.44 
 3420.2 	 5439.92 
 3430.2 	 5473.34 
 3440.2 	 5506.68 
 3450.2 	 5539.97 
 3460.2 	 5573.18 
 3470.2 	 5606.33 
 3480.2 	 5639.41 
 3490.2 	 5672.43 
 3500.2 	 5705.38 
 3510.2 	 5738.26 
 3520.2 	 5771.08 
 3530.2 	 5803.83 
 3540.2 	 5836.52 
 3550.2 	 5869.14 
 3560.2 	 5901.69 
 3570.2 	 5934.18 
 3580.2 	 5966.6 
 3590.2 	 5998.96 
 3600.2 	 6031.25 
 3610.2 	 6063.47 
 3620.2 	 6095.63 
 3630.2 	 6127.72 
 3640.2 	 6159.75 
 3650.2 	 6191.71 
 3660.2 	 6223.61 
 3670.2 	 6255.44 
 3680.2 	 6287.21 
 3690.2 	 6318.91 
 3700.2 	 6350.54 
 3710.2 	 6382.11 
 3720.2 	 6413.62 
 3730.2 	 6445.05 
 3740.2 	 6476.43 
 3750.2 	 6507.74 
 3760.2 	 6538.98 
 3770.2 	 6570.16 
 3780.2 	 6601.27 
 3790.2 	 6632.32 
 3800.2 	 6663.3 
 3810.2 	 6694.22 
 3820.2 	 6725.08 
 3830.2 	 6755.86 
 3840.2 	 6786.59 
 3850.2 	 6817.25 
 3860.2 	 6847.84 
 3870.2 	 6878.37 
 3880.2 	 6908.84 
 3890.2 	 6939.24 
 3900.2 	 6969.57 
 3910.2 	 6999.84 
 3920.2 	 7030.05 
 3930.2 	 7060.19 
 3940.2 	 7090.27 
 3950.2 	 7120.28 
 3960.2 	 7150.23 
 3970.2 	 7180.12 
 3980.2 	 7209.94 
 3990.2 	 7239.69 
 4000.2 	 7269.39 
 4010.2 	 7299.01 
 4020.2 	 7328.58 
 4030.2 	 7358.08 
 4040.2 	 7387.51 
 4050.2 	 7416.89 
 4060.2 	 7446.19 
 4070.2 	 7475.44 
 4080.2 	 7504.62 
 4090.2 	 7533.74 
 4100.2 	 7562.79 
 4110.2 	 7591.78 
 4120.2 	 7620.7 
 4130.2 	 7649.56 
 4140.2 	 7678.36 
 4150.2 	 7707.1 
 4160.2 	 7735.77 
 4170.2 	 7764.38 
 4180.2 	 7792.92 
 4190.2 	 7821.4 
 4200.2 	 7849.82 
 4210.2 	 7878.17 
 4220.2 	 7906.46 
 4230.2 	 7934.69 
 4240.2 	 7962.85 
 4250.2 	 7990.95 
 4260.2 	 8018.99 
 4270.2 	 8046.97 
 4280.2 	 8074.88 
 4290.2 	 8102.73 
 4300.2 	 8130.51 
 4310.2 	 8158.24 
 4320.2 	 8185.9 
 4330.2 	 8213.49 
 4340.2 	 8241.03 
 4350.2 	 8268.5 
 4360.2 	 8295.91 
 4370.2 	 8323.25 
 4380.2 	 8350.54 
 4390.2 	 8377.76 
 4400.2 	 8404.92 
 4410.2 	 8432.01 
 4420.2 	 8459.04 
 4430.2 	 8486.02 
 4440.2 	 8512.92 
 4450.2 	 8539.77 
 4460.2 	 8566.55 
 4470.2 	 8593.27 
 4480.2 	 8619.93 
 4490.2 	 8646.53 
 4500.2 	 8673.07 
 4510.2 	 8699.54 
 4520.2 	 8725.95 
 4530.2 	 8752.3 
 4540.2 	 8778.58 
 4550.2 	 8804.81 
 4560.2 	 8830.97 
 4570.2 	 8857.07 
 4580.2 	 8883.11 
 4590.2 	 8909.09 
 4600.2 	 8935 
 4610.2 	 8960.86 
 4620.2 	 8986.65 
 4630.2 	 9012.38 
 4640.2 	 9038.05 
 4650.2 	 9063.65 
 4660.2 	 9089.2 
 4670.2 	 9114.68 
 4680.2 	 9140.11 
 4690.2 	 9165.47 
 4700.2 	 9190.77 
 4710.2 	 9216.01 
 4720.2 	 9241.18 
 4730.2 	 9266.3 
 4740.2 	 9291.35 
 4750.2 	 9316.35 
 4760.2 	 9341.28 
 4770.2 	 9366.15 
 4780.2 	 9390.96 
 4790.2 	 9415.71 
 4800.2 	 9440.4 
 4810.2 	 9465.03 
 4820.2 	 9489.59 
 4830.2 	 9514.1 
 4840.2 	 9538.54 
 4850.2 	 9562.93 
 4860.2 	 9587.25 
 4870.2 	 9611.51 
 4880.2 	 9635.72 
 4890.2 	 9659.86 
 4900.2 	 9683.94 
 4910.2 	 9707.96 
 4920.2 	 9731.92 
 4930.2 	 9755.82 
 4940.2 	 9779.66 
 4950.2 	 9803.44 
 4960.2 	 9827.15 
 4970.2 	 9850.81 
 4980.2 	 9874.41 
 4990.2 	 9897.95 
 5000.2 	 9921.42 
 5010.2 	 9944.84 
 5020.2 	 9968.2 
 5030.2 	 9991.5 
 5040.2 	 10014.7 
 5050.2 	 10037.9 
 5060.2 	 10061 
 5070.2 	 10084.1 
 5080.2 	 10107.1 
 5090.2 	 10130 
 5100.2 	 10152.9 
 5110.2 	 10175.7 
 5120.2 	 10198.5 
 5130.2 	 10221.2 
 5140.2 	 10243.8 
 5150.2 	 10266.4 
 5160.2 	 10288.9 
 5170.2 	 10311.4 
 5180.2 	 10333.8 
 5190.2 	 10356.1 
 5200.2 	 10378.4 
 5210.2 	 10400.6 
 5220.2 	 10422.8 
 5230.2 	 10444.9 
 5240.2 	 10466.9 
 5250.2 	 10488.9 
 5260.2 	 10510.9 
 5270.2 	 10532.7 
 5280.2 	 10554.5 
 5290.2 	 10576.3 
 5300.2 	 10598 
 5310.2 	 10619.6 
 5320.2 	 10641.2 
 5330.2 	 10662.7 
 5340.2 	 10684.1 
 5350.2 	 10705.5 
 5360.2 	 10726.9 
 5370.2 	 10748.2 
 5380.2 	 10769.4 
 5390.2 	 10790.5 
 5400.2 	 10811.6 
 5410.2 	 10832.7 
 5420.2 	 10853.7 
 5430.2 	 10874.6 
 5440.2 	 10895.5 
 5450.2 	 10916.3 
 5460.2 	 10937 
 5470.2 	 10957.7 
 5480.2 	 10978.4 
 5490.2 	 10999 
 5500.2 	 11019.5 
 5510.2 	 11039.9 
 5520.2 	 11060.3 
 5530.2 	 11080.7 
 5540.2 	 11101 
 5550.2 	 11121.2 
 5560.2 	 11141.4 
 5570.2 	 11161.5 
 5580.2 	 11181.5 
 5590.2 	 11201.5 
 5600.2 	 11221.5 
 5610.2 	 11241.4 
 5620.2 	 11261.2 
 5630.2 	 11281 
 5640.2 	 11300.7 
 5650.2 	 11320.3 
 5660.2 	 11339.9 
 5670.2 	 11359.5 
 5680.2 	 11378.9 
 5690.2 	 11398.4 
 5700.2 	 11417.7 
 5710.2 	 11437 
 5720.2 	 11456.3 
 5730.2 	 11475.5 
 5740.2 	 11494.6 
 5750.2 	 11513.7 
 5760.2 	 11532.7 
 5770.2 	 11551.7 
 5780.2 	 11570.6 
 5790.2 	 11589.4 
 5800.2 	 11608.2 
 5810.2 	 11627 
 5820.2 	 11645.7 
 5830.2 	 11664.3 
 5840.2 	 11682.8 
 5850.2 	 11701.4 
 5860.2 	 11719.8 
 5870.2 	 11738.2 
 5880.2 	 11756.5 
 5890.2 	 11774.8 
 5900.2 	 11793.1 
 5910.2 	 11811.2 
 5920.2 	 11829.3 
 5930.2 	 11847.4 
 5940.2 	 11865.4 
 5950.2 	 11883.3 
 5960.2 	 11901.2 
 5970.2 	 11919.1 
 5980.2 	 11936.8 
 5990.2 	 11954.6 
 6000.2 	 11972.2 
 6010.2 	 11989.8 
 6020.2 	 12007.4 
 6030.2 	 12024.9 
 6040.2 	 12042.3 
 6050.2 	 12059.7 
 6060.2 	 12077 
 6070.2 	 12094.3 
 6080.2 	 12111.5 
 6090.2 	 12128.7 
 6100.2 	 12145.8 
 6110.2 	 12162.8 
 6120.2 	 12179.8 
 6130.2 	 12196.8 
 6140.2 	 12213.6 
 6150.2 	 12230.5 
 6160.2 	 12247.2 
 6170.2 	 12264 
 6180.2 	 12280.6 
 6190.2 	 12297.2 
 6200.2 	 12313.8 
 6210.2 	 12330.3 
 6220.2 	 12346.7 
 6230.2 	 12363.1 
 6240.2 	 12379.4 
 6250.2 	 12395.7 
 6260.2 	 12411.9 
 6270.2 	 12428.1 
 6280.2 	 12444.2 
 6290.2 	 12460.2 
 6300.2 	 12476.2 
 6310.2 	 12492.2 
 6320.2 	 12508 
 6330.2 	 12523.9 
 6340.2 	 12539.7 
 6350.2 	 12555.4 
 6360.2 	 12571 
 6370.2 	 12586.7 
 6380.2 	 12602.2 
 6390.2 	 12617.7 
 6400.2 	 12633.2 
 6410.2 	 12648.6 
 6420.2 	 12663.9 
 6430.2 	 12679.2 
 6440.2 	 12694.4 
 6450.2 	 12709.6 
 6460.2 	 12724.7 
 6470.2 	 12739.8 
 6480.2 	 12754.8 
 6490.2 	 12769.8 
 6500.2 	 12784.7 
 6510.2 	 12799.5 
 6520.2 	 12814.3 
 6530.2 	 12829.1 
 6540.2 	 12843.8 
 6550.2 	 12858.4 
 6560.2 	 12873 
 6570.2 	 12887.5 
 6580.2 	 12902 
 6590.2 	 12916.4 
 6600.2 	 12930.8 
 6610.2 	 12945.1 
 6620.2 	 12959.4 
 6630.2 	 12973.6 
 6640.2 	 12987.7 
 6650.2 	 13001.8 
 6660.2 	 13015.9 
 6670.2 	 13029.9 
 6680.2 	 13043.8 
 6690.2 	 13057.7 
 6700.2 	 13071.5 
 6710.2 	 13085.3 
 6720.2 	 13099 
 6730.2 	 13112.7 
 6740.2 	 13126.3 
 6750.2 	 13139.9 
 6760.2 	 13153.4 
 6770.2 	 13166.8 
 6780.2 	 13180.3 
 6790.2 	 13193.6 
 6800.2 	 13206.9 
 6810.2 	 13220.2 
 6820.2 	 13233.4 
 6830.2 	 13246.5 
 6840.2 	 13259.6 
 6850.2 	 13272.6 
 6860.2 	 13285.6 
 6870.2 	 13298.5 
 6880.2 	 13311.4 
 6890.2 	 13324.2 
 6900.2 	 13337 
 6910.2 	 13349.7 
 6920.2 	 13362.4 
 6930.2 	 13375 
 6940.2 	 13387.6 
 6950.2 	 13400.1 
 6960.2 	 13412.6 
 6970.2 	 13425 
 6980.2 	 13437.3 
 6990.2 	 13449.6 
 7000.2 	 13461.9 
 7010.2 	 13474.1 
 7020.2 	 13486.2 
 7030.2 	 13498.3 
 7040.2 	 13510.4 
 7050.2 	 13522.3 
 7060.2 	 13534.3 
 7070.2 	 13546.2 
 7080.2 	 13558 
 7090.2 	 13569.8 
 7100.2 	 13581.5 
 7110.2 	 13593.2 
 7120.2 	 13604.8 
 7130.2 	 13616.4 
 7140.2 	 13627.9 
 7150.2 	 13639.4 
 7160.2 	 13650.8 
 7170.2 	 13662.2 
 7180.2 	 13673.5 
 7190.2 	 13684.8 
 7200.2 	 13696 
 7210.2 	 13707.2 
 7220.2 	 13718.3 
 7230.2 	 13729.3 
 7240.2 	 13740.3 
 7250.2 	 13751.3 
 7260.2 	 13762.2 
 7270.2 	 13773.1 
 7280.2 	 13783.9 
 7290.2 	 13794.6 
 7300.2 	 13805.3 
 7310.2 	 13816 
 7320.2 	 13826.6 
 7330.2 	 13837.1 
 7340.2 	 13847.6 
 7350.2 	 13858.1 
 7360.2 	 13868.5 
 7370.2 	 13878.8 
 7380.2 	 13889.1 
 7390.2 	 13899.4 
 7400.2 	 13909.6 
 7410.2 	 13919.7 
 7420.2 	 13929.8 
 7430.2 	 13939.9 
 7440.2 	 13949.9 
 7450.2 	 13959.8 
 7460.2 	 13969.7 
 7470.2 	 13979.6 
 7480.2 	 13989.3 
 7490.2 	 13999.1 
 7500.2 	 14008.8 
 7510.2 	 14018.4 
 7520.2 	 14028 
 7530.2 	 14037.6 
 7540.2 	 14047.1 
 7550.2 	 14056.5 
 7560.2 	 14065.9 
 7570.2 	 14075.2 
 7580.2 	 14084.5 
 7590.2 	 14093.8 
 7600.2 	 14103 
 7610.2 	 14112.1 
 7620.2 	 14121.2 
 7630.2 	 14130.3 
 7640.2 	 14139.3 
 7650.2 	 14148.2 
 7660.2 	 14157.1 
 7670.2 	 14166 
 7680.2 	 14174.8 
 7690.2 	 14183.5 
 7700.2 	 14192.2 
 7710.2 	 14200.9 
 7720.2 	 14209.5 
 7730.2 	 14218 
 7740.2 	 14226.5 
 7750.2 	 14235 
 7760.2 	 14243.4 
 7770.2 	 14251.7 
 7780.2 	 14260 
 7790.2 	 14268.3 
 7800.2 	 14276.5 
 7810.2 	 14284.7 
 7820.2 	 14292.8 
 7830.2 	 14300.8 
 7840.2 	 14308.8 
 7850.2 	 14316.8 
 7860.2 	 14324.7 
 7870.2 	 14332.6 
 7880.2 	 14340.4 
 7890.2 	 14348.2 
 7900.2 	 14355.9 
 7910.2 	 14363.6 
 7920.2 	 14371.2 
 7930.2 	 14378.8 
 7940.2 	 14386.3 
 7950.2 	 14393.8 
 7960.2 	 14401.2 
 7970.2 	 14408.6 
 7980.2 	 14415.9 
 7990.2 	 14423.2 
 8000.2 	 14430.4 
 8010.2 	 14437.6 
 8020.2 	 14444.8 
 8030.2 	 14451.9 
 8040.2 	 14458.9 
 8050.2 	 14465.9 
 8060.2 	 14472.9 
 8070.2 	 14479.8 
 8080.2 	 14486.6 
 8090.2 	 14493.4 
 8100.2 	 14500.2 
 8110.2 	 14506.9 
 8120.2 	 14513.6 
 8130.2 	 14520.2 
 8140.2 	 14526.7 
 8150.2 	 14533.3 
 8160.2 	 14539.7 
 8170.2 	 14546.2 
 8180.2 	 14552.5 
 8190.2 	 14558.9 
 8200.2 	 14565.2 
 8210.2 	 14571.4 
 8220.2 	 14577.6 
 8230.2 	 14583.7 
 8240.2 	 14589.8 
 8250.2 	 14595.9 
 8260.2 	 14601.9 
 8270.2 	 14607.8 
 8280.2 	 14613.7 
 8290.2 	 14619.6 
 8300.2 	 14625.4 
 8310.2 	 14631.2 
 8320.2 	 14636.9 
 8330.2 	 14642.6 
 8340.2 	 14648.2 
 8350.2 	 14653.8 
 8360.2 	 14659.3 
 8370.2 	 14664.8 
 8380.2 	 14670.2 
 8390.2 	 14675.6 
 8400.2 	 14681 
 8410.2 	 14686.3 
 8420.2 	 14691.5 
 8430.2 	 14696.7 
 8440.2 	 14701.9 
 8450.2 	 14707 
 8460.2 	 14712.1 
 8470.2 	 14717.1 
 8480.2 	 14722 
 8490.2 	 14727 
 8500.2 	 14731.9 
 8510.2 	 14736.7 
 8520.2 	 14741.5 
 8530.2 	 14746.2 
 8540.2 	 14750.9 
 8550.2 	 14755.6 
 8560.2 	 14760.2 
 8570.2 	 14764.7 
 8580.2 	 14769.3 
 8590.2 	 14773.7 
 8600.2 	 14778.2 
 8610.2 	 14782.5 
 8620.2 	 14786.9 
 8630.2 	 14791.1 
 8640.2 	 14795.4 
 8650.2 	 14799.6 
 8660.2 	 14803.7 
 8670.2 	 14807.8 
 8680.2 	 14811.9 
 8690.2 	 14815.9 
 8700.2 	 14819.9 
 8710.2 	 14823.8 
 8720.2 	 14827.7 
 8730.2 	 14831.5 
 8740.2 	 14835.3 
 8750.2 	 14839 
 8760.2 	 14842.7 
 8770.2 	 14846.4 
 8780.2 	 14850 
 8790.2 	 14853.6 
 8800.2 	 14857.1 
 8810.2 	 14860.5 
 8820.2 	 14864 
 8830.2 	 14867.4 
 8840.2 	 14870.7 
 8850.2 	 14874 
 8860.2 	 14877.2 
 8870.2 	 14880.4 
 8880.2 	 14883.6 
 8890.2 	 14886.7 
 8900.2 	 14889.8 
 8910.2 	 14892.8 
 8920.2 	 14895.8 
 8930.2 	 14898.7 
 8940.2 	 14901.6 
 8950.2 	 14904.5 
 8960.2 	 14907.3 
 8970.2 	 14910 
 8980.2 	 14912.7 
 8990.2 	 14915.4 
 9000.2 	 14918 
 9010.2 	 14920.6 
 9020.2 	 14923.2 
 9030.2 	 14925.6 
 9040.2 	 14928.1 
 9050.2 	 14930.5 
 9060.2 	 14932.9 
 9070.2 	 14935.2 
 9080.2 	 14937.5 
 9090.2 	 14939.7 
 9100.2 	 14941.9 
 9110.2 	 14944 
 9120.2 	 14946.1 
 9130.2 	 14948.2 
 9140.2 	 14950.2 
 9150.2 	 14952.2 
 9160.2 	 14954.1 
 9170.2 	 14956 
 9180.2 	 14957.8 
 9190.2 	 14959.6 
 9200.2 	 14961.4 
 9210.2 	 14963.1 
 9220.2 	 14964.7 
 9230.2 	 14966.4 
 9240.2 	 14967.9 
 9250.2 	 14969.5 
 9260.2 	 14971 
 9270.2 	 14972.4 
 9280.2 	 14973.8 
 9290.2 	 14975.2 
 9300.2 	 14976.5 
 9310.2 	 14977.8 
 9320.2 	 14979 
 9330.2 	 14980.2 
 9340.2 	 14981.4 
 9350.2 	 14982.5 
 9360.2 	 14983.5 
 9370.2 	 14984.6 
 9380.2 	 14985.5 
 9390.2 	 14986.5 
 9400.2 	 14987.4 
 9410.2 	 14988.2 
 9420.2 	 14989 
 9430.2 	 14989.8 
 9440.2 	 14990.5 
 9450.2 	 14991.2 
 9460.2 	 14991.8 
 9470.2 	 14992.4 
 9480.2 	 14993 
 9490.2 	 14993.5 
 9500.2 	 14994 
 9510.2 	 14994.4 
 9520.2 	 14994.8 
 9530.2 	 14995.1 
 9540.2 	 14995.4 
 9550.2 	 14995.7 
 9560.2 	 14995.9 
 9570.2 	 14996.1 
 9580.2 	 14996.2 
 9590.2 	 14996.3 
 9600.2 	 14996.4 
 9610.2 	 14996.4 
 9620.2 	 14996.4 
 9630.2 	 14996.3 
 9640.2 	 14996.2 
 9650.2 	 14996 
 9660.2 	 14995.8 
 9670.2 	 14995.6 
 9680.2 	 14995.3 
 9690.2 	 14995 
 9700.2 	 14994.6 
 9710.2 	 14994.2 
 9720.2 	 14993.8 
 9730.2 	 14993.3 
 9740.2 	 14992.8 
 9750.2 	 14992.2 
 9760.2 	 14991.6 
 9770.2 	 14990.9 
 9780.2 	 14990.2 
 9790.2 	 14989.5 
 9800.2 	 14988.7 
 9810.2 	 14987.9 
 9820.2 	 14987.1 
 9830.2 	 14986.2 
 9840.2 	 14985.2 
 9850.2 	 14984.2 
 9860.2 	 14983.2 
 9870.2 	 14982.2 
 9880.2 	 14981.1 
 9890.2 	 14979.9 
 9900.2 	 14978.7 
 9910.2 	 14977.5 
 9920.2 	 14976.3 
 9930.2 	 14975 
 9940.2 	 14973.6 
 9950.2 	 14972.2 
 9960.2 	 14970.8 
 9970.2 	 14969.3 
 9980.2 	 14967.8 
 9990.2 	 14966.3 
 10000.2 	 14964.7 
 10010.2 	 14963.1 
 10020.2 	 14961.4 
 10030.2 	 14959.7 
 10040.2 	 14958 
 10050.2 	 14956.2 
 10060.2 	 14954.4 
 10070.2 	 14952.5 
 10080.2 	 14950.6 
 10090.2 	 14948.7 
 10100.2 	 14946.7 
 10110.2 	 14944.7 
 10120.2 	 14942.6 
 10130.2 	 14940.5 
 10140.2 	 14938.3 
 10150.2 	 14936.2 
 10160.2 	 14933.9 
 10170.2 	 14931.7 
 10180.2 	 14929.4 
 10190.2 	 14927 
 10200.2 	 14924.7 
 10210.2 	 14922.3 
 10220.2 	 14919.8 
 10230.2 	 14917.3 
 10240.2 	 14914.8 
 10250.2 	 14912.2 
 10260.2 	 14909.6 
 10270.2 	 14906.9 
 10280.2 	 14904.2 
 10290.2 	 14901.5 
 10300.2 	 14898.7 
 10310.2 	 14895.9 
 10320.2 	 14893.1 
 10330.2 	 14890.2 
 10340.2 	 14887.3 
 10350.2 	 14884.3 
 10360.2 	 14881.3 
 10370.2 	 14878.3 
 10380.2 	 14875.2 
 10390.2 	 14872.1 
 10400.2 	 14868.9 
 10410.2 	 14865.7 
 10420.2 	 14862.5 
 10430.2 	 14859.2 
 10440.2 	 14855.9 
 10450.2 	 14852.6 
 10460.2 	 14849.2 
 10470.2 	 14845.7 
 10480.2 	 14842.3 
 10490.2 	 14838.8 
 10500.2 	 14835.2 
 10510.2 	 14831.7 
 10520.2 	 14828 
 10530.2 	 14824.4 
 10540.2 	 14820.7 
 10550.2 	 14817 
 10560.2 	 14813.2 
 10570.2 	 14809.4 
 10580.2 	 14805.6 
 10590.2 	 14801.7 
 10600.2 	 14797.8 
 10610.2 	 14793.8 
 10620.2 	 14789.8 
 10630.2 	 14785.8 
 10640.2 	 14781.7 
 10650.2 	 14777.6 
 10660.2 	 14773.5 
 10670.2 	 14769.3 
 10680.2 	 14765.1 
 10690.2 	 14760.8 
 10700.2 	 14756.5 
 10710.2 	 14752.2 
 10720.2 	 14747.8 
 10730.2 	 14743.4 
 10740.2 	 14739 
 10750.2 	 14734.5 
 10760.2 	 14730 
 10770.2 	 14725.4 
 10780.2 	 14720.8 
 10790.2 	 14716.2 
 10800.2 	 14711.5 
 10810.2 	 14706.8 
 10820.2 	 14702.1 
 10830.2 	 14697.3 
 10840.2 	 14692.5 
 10850.2 	 14687.7 
 10860.2 	 14682.8 
 10870.2 	 14677.9 
 10880.2 	 14672.9 
 10890.2 	 14667.9 
 10900.2 	 14662.9 
 10910.2 	 14657.8 
 10920.2 	 14652.7 
 10930.2 	 14647.6 
 10940.2 	 14642.4 
 10950.2 	 14637.2 
 10960.2 	 14631.9 
 10970.2 	 14626.6 
 10980.2 	 14621.3 
 10990.2 	 14616 
 11000.2 	 14610.6 
 11010.2 	 14605.1 
 11020.2 	 14599.7 
 11030.2 	 14594.2 
 11040.2 	 14588.6 
 11050.2 	 14583.1 
 11060.2 	 14577.5 
 11070.2 	 14571.8 
 11080.2 	 14566.1 
 11090.2 	 14560.4 
 11100.2 	 14554.7 
 11110.2 	 14548.9 
 11120.2 	 14543 
 11130.2 	 14537.2 
 11140.2 	 14531.3 
 11150.2 	 14525.4 
 11160.2 	 14519.4 
 11170.2 	 14513.4 
 11180.2 	 14507.4 
 11190.2 	 14501.3 
 11200.2 	 14495.2 
 11210.2 	 14489 
 11220.2 	 14482.9 
 11230.2 	 14476.6 
 11240.2 	 14470.4 
 11250.2 	 14464.1 
 11260.2 	 14457.8 
 11270.2 	 14451.4 
 11280.2 	 14445 
 11290.2 	 14438.6 
 11300.2 	 14432.2 
 11310.2 	 14425.7 
 11320.2 	 14419.1 
 11330.2 	 14412.6 
 11340.2 	 14406 
 11350.2 	 14399.3 
 11360.2 	 14392.7 
 11370.2 	 14386 
 11380.2 	 14379.2 
 11390.2 	 14372.5 
 11400.2 	 14365.7 
 11410.2 	 14358.8 
 11420.2 	 14351.9 
 11430.2 	 14345 
 11440.2 	 14338.1 
 11450.2 	 14331.1 
 11460.2 	 14324.1 
 11470.2 	 14317.1 
 11480.2 	 14310 
 11490.2 	 14302.9 
 11500.2 	 14295.7 
 11510.2 	 14288.5 
 11520.2 	 14281.3 
 11530.2 	 14274.1 
 11540.2 	 14266.8 
 11550.2 	 14259.5 
 11560.2 	 14252.1 
 11570.2 	 14244.7 
 11580.2 	 14237.3 
 11590.2 	 14229.9 
 11600.2 	 14222.4 
 11610.2 	 14214.8 
 11620.2 	 14207.3 
 11630.2 	 14199.7 
 11640.2 	 14192.1 
 11650.2 	 14184.4 
 11660.2 	 14176.7 
 11670.2 	 14169 
 11680.2 	 14161.3 
 11690.2 	 14153.5 
 11700.2 	 14145.6 
 11710.2 	 14137.8 
 11720.2 	 14129.9 
 11730.2 	 14122 
 11740.2 	 14114 
 11750.2 	 14106 
 11760.2 	 14098 
 11770.2 	 14090 
 11780.2 	 14081.9 
 11790.2 	 14073.8 
 11800.2 	 14065.6 
 11810.2 	 14057.4 
 11820.2 	 14049.2 
 11830.2 	 14040.9 
 11840.2 	 14032.7 
 11850.2 	 14024.3 
 11860.2 	 14016 
 11870.2 	 14007.6 
 11880.2 	 13999.2 
 11890.2 	 13990.8 
 11900.2 	 13982.3 
 11910.2 	 13973.8 
 11920.2 	 13965.2 
 11930.2 	 13956.6 
 11940.2 	 13948 
 11950.2 	 13939.4 
 11960.2 	 13930.7 
 11970.2 	 13922 
 11980.2 	 13913.3 
 11990.2 	 13904.5 
 12000.2 	 13895.7 
 12010.2 	 13886.9 
 12020.2 	 13878 
 12030.2 	 13869.1 
 12040.2 	 13860.2 
 12050.2 	 13851.2 
 12060.2 	 13842.2 
 12070.2 	 13833.2 
 12080.2 	 13824.1 
 12090.2 	 13815 
 12100.2 	 13805.9 
 12110.2 	 13796.8 
 12120.2 	 13787.6 
 12130.2 	 13778.4 
 12140.2 	 13769.1 
 12150.2 	 13759.8 
 12160.2 	 13750.5 
 12170.2 	 13741.2 
 12180.2 	 13731.8 
 12190.2 	 13722.4 
 12200.2 	 13713 
 12210.2 	 13703.5 
 12220.2 	 13694 
 12230.2 	 13684.5 
 12240.2 	 13674.9 
 12250.2 	 13665.3 
 12260.2 	 13655.7 
 12270.2 	 13646 
 12280.2 	 13636.3 
 12290.2 	 13626.6 
 12300.2 	 13616.9 
 12310.2 	 13607.1 
 12320.2 	 13597.3 
 12330.2 	 13587.4 
 12340.2 	 13577.6 
 12350.2 	 13567.7 
 12360.2 	 13557.7 
 12370.2 	 13547.8 
 12380.2 	 13537.8 
 12390.2 	 13527.8 
 12400.2 	 13517.7 
 12410.2 	 13507.6 
 12420.2 	 13497.5 
 12430.2 	 13487.4 
 12440.2 	 13477.2 
 12450.2 	 13467 
 12460.2 	 13456.7 
 12470.2 	 13446.5 
 12480.2 	 13436.2 
 12490.2 	 13425.9 
 12500.2 	 13415.5 
 12510.2 	 13405.1 
 12520.2 	 13394.7 
 12530.2 	 13384.2 
 12540.2 	 13373.8 
 12550.2 	 13363.3 
 12560.2 	 13352.7 
 12570.2 	 13342.2 
 12580.2 	 13331.6 
 12590.2 	 13320.9 
 12600.2 	 13310.3 
 12610.2 	 13299.6 
 12620.2 	 13288.9 
 12630.2 	 13278.1 
 12640.2 	 13267.4 
 12650.2 	 13256.6 
 12660.2 	 13245.7 
 12670.2 	 13234.9 
 12680.2 	 13224 
 12690.2 	 13213.1 
 12700.2 	 13202.1 
 12710.2 	 13191.1 
 12720.2 	 13180.1 
 12730.2 	 13169.1 
 12740.2 	 13158 
 12750.2 	 13146.9 
 12760.2 	 13135.8 
 12770.2 	 13124.6 
 12780.2 	 13113.4 
 12790.2 	 13102.2 
 12800.2 	 13091 
 12810.2 	 13079.7 
 12820.2 	 13068.4 
 12830.2 	 13057.1 
 12840.2 	 13045.7 
 12850.2 	 13034.4 
 12860.2 	 13022.9 
 12870.2 	 13011.5 
 12880.2 	 13000 
 12890.2 	 12988.5 
 12900.2 	 12977 
 12910.2 	 12965.4 
 12920.2 	 12953.9 
 12930.2 	 12942.2 
 12940.2 	 12930.6 
 12950.2 	 12918.9 
 12960.2 	 12907.2 
 12970.2 	 12895.5 
 12980.2 	 12883.7 
 12990.2 	 12872 
 13000.2 	 12860.2 
 13010.2 	 12848.3 
 13020.2 	 12836.4 
 13030.2 	 12824.6 
 13040.2 	 12812.6 
 13050.2 	 12800.7 
 13060.2 	 12788.7 
 13070.2 	 12776.7 
 13080.2 	 12764.7 
 13090.2 	 12752.6 
 13100.2 	 12740.5 
 13110.2 	 12728.4 
 13120.2 	 12716.2 
 13130.2 	 12704.1 
 13140.2 	 12691.9 
 13150.2 	 12679.6 
 13160.2 	 12667.4 
 13170.2 	 12655.1 
 13180.2 	 12642.8 
 13190.2 	 12630.5 
 13200.2 	 12618.1 
 13210.2 	 12605.7 
 13220.2 	 12593.3 
 13230.2 	 12580.8 
 13240.2 	 12568.4 
 13250.2 	 12555.9 
 13260.2 	 12543.3 
 13270.2 	 12530.8 
 13280.2 	 12518.2 
 13290.2 	 12505.6 
 13300.2 	 12493 
 13310.2 	 12480.3 
 13320.2 	 12467.6 
 13330.2 	 12454.9 
 13340.2 	 12442.1 
 13350.2 	 12429.4 
 13360.2 	 12416.6 
 13370.2 	 12403.8 
 13380.2 	 12390.9 
 13390.2 	 12378 
 13400.2 	 12365.1 
 13410.2 	 12352.2 
 13420.2 	 12339.3 
 13430.2 	 12326.3 
 13440.2 	 12313.3 
 13450.2 	 12300.2 
 13460.2 	 12287.2 
 13470.2 	 12274.1 
 13480.2 	 12261 
 13490.2 	 12247.8 
 13500.2 	 12234.7 
 13510.2 	 12221.5 
 13520.2 	 12208.3 
 13530.2 	 12195 
 13540.2 	 12181.7 
 13550.2 	 12168.5 
 13560.2 	 12155.1 
 13570.2 	 12141.8 
 13580.2 	 12128.4 
 13590.2 	 12115 
 13600.2 	 12101.6 
 13610.2 	 12088.1 
 13620.2 	 12074.7 
 13630.2 	 12061.2 
 13640.2 	 12047.6 
 13650.2 	 12034.1 
 13660.2 	 12020.5 
 13670.2 	 12006.9 
 13680.2 	 11993.3 
 13690.2 	 11979.6 
 13700.2 	 11966 
 13710.2 	 11952.3 
 13720.2 	 11938.5 
 13730.2 	 11924.8 
 13740.2 	 11911 
 13750.2 	 11897.2 
 13760.2 	 11883.4 
 13770.2 	 11869.5 
 13780.2 	 11855.6 
 13790.2 	 11841.7 
 13800.2 	 11827.8 
 13810.2 	 11813.8 
 13820.2 	 11799.9 
 13830.2 	 11785.9 
 13840.2 	 11771.8 
 13850.2 	 11757.8 
 13860.2 	 11743.7 
 13870.2 	 11729.6 
 13880.2 	 11715.5 
 13890.2 	 11701.3 
 13900.2 	 11687.1 
 13910.2 	 11672.9 
 13920.2 	 11658.7 
 13930.2 	 11644.5 
 13940.2 	 11630.2 
 13950.2 	 11615.9 
 13960.2 	 11601.6 
 13970.2 	 11587.2 
 13980.2 	 11572.9 
 13990.2 	 11558.5 
 14000.2 	 11544 
 14010.2 	 11529.6 
 14020.2 	 11515.1 
 14030.2 	 11500.6 
 14040.2 	 11486.1 
 14050.2 	 11471.6 
 14060.2 	 11457 
 14070.2 	 11442.4 
 14080.2 	 11427.8 
 14090.2 	 11413.2 
 14100.2 	 11398.5 
 14110.2 	 11383.9 
 14120.2 	 11369.2 
 14130.2 	 11354.4 
 14140.2 	 11339.7 
 14150.2 	 11324.9 
 14160.2 	 11310.1 
 14170.2 	 11295.3 
 14180.2 	 11280.4 
 14190.2 	 11265.6 
 14200.2 	 11250.7 
 14210.2 	 11235.8 
 14220.2 	 11220.8 
 14230.2 	 11205.9 
 14240.2 	 11190.9 
 14250.2 	 11175.9 
 14260.2 	 11160.8 
 14270.2 	 11145.8 
 14280.2 	 11130.7 
 14290.2 	 11115.6 
 14300.2 	 11100.5 
 14310.2 	 11085.3 
 14320.2 	 11070.2 
 14330.2 	 11055 
 14340.2 	 11039.8 
 14350.2 	 11024.5 
 14360.2 	 11009.3 
 14370.2 	 10994 
 14380.2 	 10978.7 
 14390.2 	 10963.4 
 14400.2 	 10948 
 14410.2 	 10932.6 
 14420.2 	 10917.3 
 14430.2 	 10901.8 
 14440.2 	 10886.4 
 14450.2 	 10870.9 
 14460.2 	 10855.5 
 14470.2 	 10840 
 14480.2 	 10824.4 
 14490.2 	 10808.9 
 14500.2 	 10793.3 
 14510.2 	 10777.7 
 14520.2 	 10762.1 
 14530.2 	 10746.5 
 14540.2 	 10730.8 
 14550.2 	 10715.1 
 14560.2 	 10699.4 
 14570.2 	 10683.7 
 14580.2 	 10667.9 
 14590.2 	 10652.2 
 14600.2 	 10636.4 
 14610.2 	 10620.6 
 14620.2 	 10604.7 
 14630.2 	 10588.9 
 14640.2 	 10573 
 14650.2 	 10557.1 
 14660.2 	 10541.2 
 14670.2 	 10525.2 
 14680.2 	 10509.3 
 14690.2 	 10493.3 
 14700.2 	 10477.3 
 14710.2 	 10461.3 
 14720.2 	 10445.2 
 14730.2 	 10429.2 
 14740.2 	 10413.1 
 14750.2 	 10396.9 
 14760.2 	 10380.8 
 14770.2 	 10364.7 
 14780.2 	 10348.5 
 14790.2 	 10332.3 
 14800.2 	 10316.1 
 14810.2 	 10299.8 
 14820.2 	 10283.6 
 14830.2 	 10267.3 
 14840.2 	 10251 
 14850.2 	 10234.7 
 14860.2 	 10218.4 
 14870.2 	 10202 
 14880.2 	 10185.6 
 14890.2 	 10169.2 
 14900.2 	 10152.8 
 14910.2 	 10136.3 
 14920.2 	 10119.9 
 14930.2 	 10103.4 
 14940.2 	 10086.9 
 14950.2 	 10070.4 
 14960.2 	 10053.8 
 14970.2 	 10037.3 
 14980.2 	 10020.7 
 14990.2 	 10004.1 
 15000.2 	 9987.45 
 15010.2 	 9970.8 
 15020.2 	 9954.14 
 15030.2 	 9937.45 
 15040.2 	 9920.75 
 15050.2 	 9904.02 
 15060.2 	 9887.28 
 15070.2 	 9870.51 
 15080.2 	 9853.73 
 15090.2 	 9836.93 
 15100.2 	 9820.1 
 15110.2 	 9803.26 
 15120.2 	 9786.4 
 15130.2 	 9769.51 
 15140.2 	 9752.61 
 15150.2 	 9735.69 
 15160.2 	 9718.75 
 15170.2 	 9701.79 
 15180.2 	 9684.81 
 15190.2 	 9667.81 
 15200.2 	 9650.79 
 15210.2 	 9633.76 
 15220.2 	 9616.7 
 15230.2 	 9599.63 
 15240.2 	 9582.53 
 15250.2 	 9565.42 
 15260.2 	 9548.28 
 15270.2 	 9531.13 
 15280.2 	 9513.96 
 15290.2 	 9496.77 
 15300.2 	 9479.56 
 15310.2 	 9462.34 
 15320.2 	 9445.09 
 15330.2 	 9427.82 
 15340.2 	 9410.54 
 15350.2 	 9393.24 
 15360.2 	 9375.92 
 15370.2 	 9358.58 
 15380.2 	 9341.22 
 15390.2 	 9323.84 
 15400.2 	 9306.45 
 15410.2 	 9289.03 
 15420.2 	 9271.6 
 15430.2 	 9254.15 
 15440.2 	 9236.68 
 15450.2 	 9219.2 
 15460.2 	 9201.69 
 15470.2 	 9184.17 
 15480.2 	 9166.63 
 15490.2 	 9149.07 
 15500.2 	 9131.49 
 15510.2 	 9113.89 
 15520.2 	 9096.28 
 15530.2 	 9078.65 
 15540.2 	 9061 
 15550.2 	 9043.33 
 15560.2 	 9025.64 
 15570.2 	 9007.94 
 15580.2 	 8990.22 
 15590.2 	 8972.48 
 15600.2 	 8954.73 
 15610.2 	 8936.95 
 15620.2 	 8919.16 
 15630.2 	 8901.35 
 15640.2 	 8883.52 
 15650.2 	 8865.68 
 15660.2 	 8847.82 
 15670.2 	 8829.94 
 15680.2 	 8812.04 
 15690.2 	 8794.13 
 15700.2 	 8776.2 
 15710.2 	 8758.25 
 15720.2 	 8740.29 
 15730.2 	 8722.3 
 15740.2 	 8704.3 
 15750.2 	 8686.29 
 15760.2 	 8668.25 
 15770.2 	 8650.2 
 15780.2 	 8632.13 
 15790.2 	 8614.05 
 15800.2 	 8595.95 
 15810.2 	 8577.83 
 15820.2 	 8559.7 
 15830.2 	 8541.54 
 15840.2 	 8523.38 
 15850.2 	 8505.19 
 15860.2 	 8486.99 
 15870.2 	 8468.77 
 15880.2 	 8450.53 
 15890.2 	 8432.28 
 15900.2 	 8414.02 
 15910.2 	 8395.73 
 15920.2 	 8377.43 
 15930.2 	 8359.11 
 15940.2 	 8340.78 
 15950.2 	 8322.43 
 15960.2 	 8304.06 
 15970.2 	 8285.68 
 15980.2 	 8267.28 
 15990.2 	 8248.87 
 16000.2 	 8230.44 
 16010.2 	 8211.99 
 16020.2 	 8193.53 
 16030.2 	 8175.05 
 16040.2 	 8156.56 
 16050.2 	 8138.05 
 16060.2 	 8119.52 
 16070.2 	 8100.98 
 16080.2 	 8082.42 
 16090.2 	 8063.85 
 16100.2 	 8045.26 
 16110.2 	 8026.65 
 16120.2 	 8008.03 
 16130.2 	 7989.4 
 16140.2 	 7970.75 
 16150.2 	 7952.08 
 16160.2 	 7933.4 
 16170.2 	 7914.7 
 16180.2 	 7895.99 
 16190.2 	 7877.26 
 16200.2 	 7858.52 
 16210.2 	 7839.76 
 16220.2 	 7820.98 
 16230.2 	 7802.19 
 16240.2 	 7783.39 
 16250.2 	 7764.57 
 16260.2 	 7745.74 
 16270.2 	 7726.89 
 16280.2 	 7708.02 
 16290.2 	 7689.14 
 16300.2 	 7670.25 
 16310.2 	 7651.34 
 16320.2 	 7632.42 
 16330.2 	 7613.48 
 16340.2 	 7594.53 
 16350.2 	 7575.56 
 16360.2 	 7556.58 
 16370.2 	 7537.58 
 16380.2 	 7518.57 
 16390.2 	 7499.54 
 16400.2 	 7480.5 
 16410.2 	 7461.45 
 16420.2 	 7442.38 
 16430.2 	 7423.29 
 16440.2 	 7404.19 
 16450.2 	 7385.08 
 16460.2 	 7365.96 
 16470.2 	 7346.82 
 16480.2 	 7327.66 
 16490.2 	 7308.49 
 16500.2 	 7289.31 
 16510.2 	 7270.11 
 16520.2 	 7250.9 
 16530.2 	 7231.68 
 16540.2 	 7212.44 
 16550.2 	 7193.18 
 16560.2 	 7173.92 
 16570.2 	 7154.64 
 16580.2 	 7135.34 
 16590.2 	 7116.04 
 16600.2 	 7096.71 
 16610.2 	 7077.38 
 16620.2 	 7058.03 
 16630.2 	 7038.67 
 16640.2 	 7019.29 
 16650.2 	 6999.9 
 16660.2 	 6980.5 
 16670.2 	 6961.08 
 16680.2 	 6941.65 
 16690.2 	 6922.21 
 16700.2 	 6902.76 
 16710.2 	 6883.29 
 16720.2 	 6863.8 
 16730.2 	 6844.31 
 16740.2 	 6824.8 
 16750.2 	 6805.28 
 16760.2 	 6785.74 
 16770.2 	 6766.2 
 16780.2 	 6746.64 
 16790.2 	 6727.06 
 16800.2 	 6707.48 
 16810.2 	 6687.88 
 16820.2 	 6668.26 
 16830.2 	 6648.64 
 16840.2 	 6629 
 16850.2 	 6609.35 
 16860.2 	 6589.69 
 16870.2 	 6570.01 
 16880.2 	 6550.33 
 16890.2 	 6530.63 
 16900.2 	 6510.91 
 16910.2 	 6491.19 
 16920.2 	 6471.45 
 16930.2 	 6451.7 
 16940.2 	 6431.94 
 16950.2 	 6412.16 
 16960.2 	 6392.38 
 16970.2 	 6372.58 
 16980.2 	 6352.77 
 16990.2 	 6332.94 
 17000.2 	 6313.11 
 17010.2 	 6293.26 
 17020.2 	 6273.4 
 17030.2 	 6253.53 
 17040.2 	 6233.65 
 17050.2 	 6213.75 
 17060.2 	 6193.84 
 17070.2 	 6173.93 
 17080.2 	 6154 
 17090.2 	 6134.05 
 17100.2 	 6114.1 
 17110.2 	 6094.13 
 17120.2 	 6074.16 
 17130.2 	 6054.17 
 17140.2 	 6034.17 
 17150.2 	 6014.16 
 17160.2 	 5994.13 
 17170.2 	 5974.1 
 17180.2 	 5954.05 
 17190.2 	 5934 
 17200.2 	 5913.93 
 17210.2 	 5893.85 
 17220.2 	 5873.76 
 17230.2 	 5853.66 
 17240.2 	 5833.55 
 17250.2 	 5813.42 
 17260.2 	 5793.29 
 17270.2 	 5773.14 
 17280.2 	 5752.98 
 17290.2 	 5732.82 
 17300.2 	 5712.64 
 17310.2 	 5692.45 
 17320.2 	 5672.25 
 17330.2 	 5652.04 
 17340.2 	 5631.82 
 17350.2 	 5611.58 
 17360.2 	 5591.34 
 17370.2 	 5571.09 
 17380.2 	 5550.82 
 17390.2 	 5530.55 
 17400.2 	 5510.26 
 17410.2 	 5489.97 
 17420.2 	 5469.66 
 17430.2 	 5449.35 
 17440.2 	 5429.02 
 17450.2 	 5408.68 
 17460.2 	 5388.34 
 17470.2 	 5367.98 
 17480.2 	 5347.61 
 17490.2 	 5327.23 
 17500.2 	 5306.85 
 17510.2 	 5286.45 
 17520.2 	 5266.04 
 17530.2 	 5245.62 
 17540.2 	 5225.2 
 17550.2 	 5204.76 
 17560.2 	 5184.31 
 17570.2 	 5163.86 
 17580.2 	 5143.39 
 17590.2 	 5122.91 
 17600.2 	 5102.43 
 17610.2 	 5081.93 
 17620.2 	 5061.43 
 17630.2 	 5040.91 
 17640.2 	 5020.39 
 17650.2 	 4999.86 
 17660.2 	 4979.31 
 17670.2 	 4958.76 
 17680.2 	 4938.2 
 17690.2 	 4917.63 
 17700.2 	 4897.05 
 17710.2 	 4876.46 
 17720.2 	 4855.86 
 17730.2 	 4835.25 
 17740.2 	 4814.64 
 17750.2 	 4794.01 
 17760.2 	 4773.37 
 17770.2 	 4752.73 
 17780.2 	 4732.08 
 17790.2 	 4711.42 
 17800.2 	 4690.75 
 17810.2 	 4670.07 
 17820.2 	 4649.38 
 17830.2 	 4628.68 
 17840.2 	 4607.98 
 17850.2 	 4587.26 
 17860.2 	 4566.54 
 17870.2 	 4545.81 
 17880.2 	 4525.07 
 17890.2 	 4504.32 
 17900.2 	 4483.56 
 17910.2 	 4462.8 
 17920.2 	 4442.02 
 17930.2 	 4421.24 
 17940.2 	 4400.45 
 17950.2 	 4379.65 
 17960.2 	 4358.84 
 17970.2 	 4338.03 
 17980.2 	 4317.21 
 17990.2 	 4296.37 
 18000.2 	 4275.54 
 18010.2 	 4254.69 
 18020.2 	 4233.83 
 18030.2 	 4212.97 
 18040.2 	 4192.1 
 18050.2 	 4171.22 
 18060.2 	 4150.33 
 18070.2 	 4129.44 
 18080.2 	 4108.54 
 18090.2 	 4087.63 
 18100.2 	 4066.71 
 18110.2 	 4045.78 
 18120.2 	 4024.85 
 18130.2 	 4003.91 
 18140.2 	 3982.96 
 18150.2 	 3962.01 
 18160.2 	 3941.04 
 18170.2 	 3920.07 
 18180.2 	 3899.1 
 18190.2 	 3878.11 
 18200.2 	 3857.12 
 18210.2 	 3836.12 
 18220.2 	 3815.11 
 18230.2 	 3794.1 
 18240.2 	 3773.08 
 18250.2 	 3752.05 
 18260.2 	 3731.02 
 18270.2 	 3709.98 
 18280.2 	 3688.93 
 18290.2 	 3667.87 
 18300.2 	 3646.81 
 18310.2 	 3625.74 
 18320.2 	 3604.66 
 18330.2 	 3583.58 
 18340.2 	 3562.49 
 18350.2 	 3541.4 
 18360.2 	 3520.29 
 18370.2 	 3499.18 
 18380.2 	 3478.07 
 18390.2 	 3456.95 
 18400.2 	 3435.82 
 18410.2 	 3414.68 
 18420.2 	 3393.54 
 18430.2 	 3372.39 
 18440.2 	 3351.24 
 18450.2 	 3330.08 
 18460.2 	 3308.91 
 18470.2 	 3287.74 
 18480.2 	 3266.56 
 18490.2 	 3245.38 
 18500.2 	 3224.19 
 18510.2 	 3202.99 
 18520.2 	 3181.79 
 18530.2 	 3160.58 
 18540.2 	 3139.36 
 18550.2 	 3118.14 
 18560.2 	 3096.91 
 18570.2 	 3075.68 
 18580.2 	 3054.44 
 18590.2 	 3033.2 
 18600.2 	 3011.95 
 18610.2 	 2990.7 
 18620.2 	 2969.44 
 18630.2 	 2948.17 
 18640.2 	 2926.9 
 18650.2 	 2905.62 
 18660.2 	 2884.34 
 18670.2 	 2863.05 
 18680.2 	 2841.76 
 18690.2 	 2820.46 
 18700.2 	 2799.16 
 18710.2 	 2777.85 
 18720.2 	 2756.53 
 18730.2 	 2735.21 
 18740.2 	 2713.89 
 18750.2 	 2692.56 
 18760.2 	 2671.23 
 18770.2 	 2649.89 
 18780.2 	 2628.54 
 18790.2 	 2607.19 
 18800.2 	 2585.84 
 18810.2 	 2564.48 
 18820.2 	 2543.12 
 18830.2 	 2521.75 
 18840.2 	 2500.38 
 18850.2 	 2479 
 18860.2 	 2457.62 
 18870.2 	 2436.23 
 18880.2 	 2414.84 
 18890.2 	 2393.44 
 18900.2 	 2372.04 
 18910.2 	 2350.64 
 18920.2 	 2329.23 
 18930.2 	 2307.82 
 18940.2 	 2286.4 
 18950.2 	 2264.98 
 18960.2 	 2243.55 
 18970.2 	 2222.12 
 18980.2 	 2200.69 
 18990.2 	 2179.25 
 19000.2 	 2157.81 
 19010.2 	 2136.36 
 19020.2 	 2114.91 
 19030.2 	 2093.45 
 19040.2 	 2072 
 19050.2 	 2050.53 
 19060.2 	 2029.07 
 19070.2 	 2007.6 
 19080.2 	 1986.12 
 19090.2 	 1964.65 
 19100.2 	 1943.17 
 19110.2 	 1921.68 
 19120.2 	 1900.19 
 19130.2 	 1878.7 
 19140.2 	 1857.21 
 19150.2 	 1835.71 
 19160.2 	 1814.21 
 19170.2 	 1792.7 
 19180.2 	 1771.19 
 19190.2 	 1749.68 
 19200.2 	 1728.17 
 19210.2 	 1706.65 
 19220.2 	 1685.13 
 19230.2 	 1663.6 
 19240.2 	 1642.08 
 19250.2 	 1620.55 
 19260.2 	 1599.01 
 19270.2 	 1577.48 
 19280.2 	 1555.94 
 19290.2 	 1534.39 
 19300.2 	 1512.85 
 19310.2 	 1491.3 
 19320.2 	 1469.75 
 19330.2 	 1448.2 
 19340.2 	 1426.64 
 19350.2 	 1405.08 
 19360.2 	 1383.52 
 19370.2 	 1361.95 
 19380.2 	 1340.39 
 19390.2 	 1318.82 
 19400.2 	 1297.25 
 19410.2 	 1275.67 
 19420.2 	 1254.1 
 19430.2 	 1232.52 
 19440.2 	 1210.94 
 19450.2 	 1189.35 
 19460.2 	 1167.77 
 19470.2 	 1146.18 
 19480.2 	 1124.59 
 19490.2 	 1103 
 19500.2 	 1081.41 
 19510.2 	 1059.81 
 19520.2 	 1038.21 
 19530.2 	 1016.61 
 19540.2 	 995.012 
 19550.2 	 973.409 
 19560.2 	 951.804 
 19570.2 	 930.197 
 19580.2 	 908.588 
 19590.2 	 886.978 
 19600.2 	 865.366 
 19610.2 	 843.752 
 19620.2 	 822.137 
 19630.2 	 800.521 
 19640.2 	 778.902 
 19650.2 	 757.283 
 19660.2 	 735.662 
 19670.2 	 714.039 
 19680.2 	 692.416 
 19690.2 	 670.791 
 19700.2 	 649.165 
 19710.2 	 627.537 
 19720.2 	 605.909 
 19730.2 	 584.279 
 19740.2 	 562.648 
 19750.2 	 541.016 
 19760.2 	 519.384 
 19770.2 	 497.75 
 19780.2 	 476.115 
 19790.2 	 454.48 
 19800.2 	 432.843 
 19810.2 	 411.206 
 19820.2 	 389.568 
 19830.2 	 367.929 
 19840.2 	 346.29 
 19850.2 	 324.65 
 19860.2 	 303.009 
 19870.2 	 281.368 
 19880.2