 # Re 	 CD 
 0.2 	 103 
 10.2 	 6.07736 
 20.2 	 2.71574 
 30.2 	 2.50881 
 40.2 	 2.31414 
 50.2 	 2.13165 
 60.2 	 1.96126 
 70.2 	 1.80288 
 80.2 	 1.65643 
 90.2 	 1.52184 
 100.2 	 1.39901 
 110.2 	 1.28787 
 120.2 	 1.18833 
 130.2 	 1.10031 
 140.2 	 1.02374 
 150.2 	 0.958517 
 160.2 	 0.904573 
 170.2 	 0.861824 
 180.2 	 0.830185 
 190.2 	 0.809576 
 200.2 	 0.799911 
 210.2 	 0.795491 
 220.2 	 0.791095 
 230.2 	 0.786724 
 240.2 	 0.782377 
 250.2 	 0.778055 
 260.2 	 0.773758 
 270.2 	 0.769485 
 280.2 	 0.765237 
 290.2 	 0.761013 
 300.2 	 0.756814 
 310.2 	 0.75264 
 320.2 	 0.748491 
 330.2 	 0.744366 
 340.2 	 0.740265 
 350.2 	 0.73619 
 360.2 	 0.732138 
 370.2 	 0.728112 
 380.2 	 0.72411 
 390.2 	 0.720133 
 400.2 	 0.71618 
 410.2 	 0.712253 
 420.2 	 0.708349 
 430.2 	 0.704471 
 440.2 	 0.700616 
 450.2 	 0.696787 
 460.2 	 0.692982 
 470.2 	 0.689202 
 480.2 	 0.685447 
 490.2 	 0.681716 
 500.2 	 0.678009 
 510.2 	 0.674328 
 520.2 	 0.670671 
 530.2 	 0.667038 
 540.2 	 0.663431 
 550.2 	 0.659848 
 560.2 	 0.656289 
 570.2 	 0.652755 
 580.2 	 0.649246 
 590.2 	 0.645761 
 600.2 	 0.642301 
 610.2 	 0.638866 
 620.2 	 0.635455 
 630.2 	 0.632069 
 640.2 	 0.628708 
 650.2 	 0.625371 
 660.2 	 0.622059 
 670.2 	 0.618771 
 680.2 	 0.615508 
 690.2 	 0.61227 
 700.2 	 0.609056 
 710.2 	 0.605867 
 720.2 	 0.602703 
 730.2 	 0.599563 
 740.2 	 0.596448 
 750.2 	 0.593357 
 760.2 	 0.590292 
 770.2 	 0.58725 
 780.2 	 0.584234 
 790.2 	 0.581242 
 800.2 	 0.578274 
 810.2 	 0.575331 
 820.2 	 0.572413 
 830.2 	 0.56952 
 840.2 	 0.566651 
 850.2 	 0.563807 
 860.2 	 0.560987 
 870.2 	 0.558192 
 880.2 	 0.555422 
 890.2 	 0.552676 
 900.2 	 0.549955 
 910.2 	 0.547259 
 920.2 	 0.544587 
 930.2 	 0.54194 
 940.2 	 0.539317 
 950.2 	 0.536719 
 960.2 	 0.534146 
 970.2 	 0.531597 
 980.2 	 0.529073 
 990.2 	 0.526574 
 1000.2 	 0.524099 
 1010.2 	 0.521649 
 1020.2 	 0.519223 
 1030.2 	 0.516822 
 1040.2 	 0.514446 
 1050.2 	 0.512094 
 1060.2 	 0.509767 
 1070.2 	 0.507465 
 1080.2 	 0.505187 
 1090.2 	 0.502934 
 1100.2 	 0.500706 
 1110.2 	 0.498502 
 1120.2 	 0.496323 
 1130.2 	 0.494168 
 1140.2 	 0.492038 
 1150.2 	 0.489933 
 1160.2 	 0.487852 
 1170.2 	 0.485796 
 1180.2 	 0.483764 
 1190.2 	 0.481758 
 1200.2 	 0.479775 
 1210.2 	 0.477818 
 1220.2 	 0.475885 
 1230.2 	 0.473977 
 1240.2 	 0.472093 
 1250.2 	 0.470234 
 1260.2 	 0.468399 
 1270.2 	 0.46659 
 1280.2 	 0.464805 
 1290.2 	 0.463044 
 1300.2 	 0.461308 
 1310.2 	 0.459597 
 1320.2 	 0.45791 
 1330.2 	 0.456248 
 1340.2 	 0.454611 
 1350.2 	 0.452998 
 1360.2 	 0.45141 
 1370.2 	 0.449846 
 1380.2 	 0.448308 
 1390.2 	 0.446793 
 1400.2 	 0.445304 
 1410.2 	 0.443839 
 1420.2 	 0.442398 
 1430.2 	 0.440983 
 1440.2 	 0.439592 
 1450.2 	 0.438225 
 1460.2 	 0.436883 
 1470.2 	 0.435566 
 1480.2 	 0.434274 
 1490.2 	 0.433006 
 1500.2 	 0.431762 
 1510.2 	 0.430544 
 1520.2 	 0.42935 
 1530.2 	 0.42818 
 1540.2 	 0.427035 
 1550.2 	 0.425915 
 1560.2 	 0.42482 
 1570.2 	 0.423749 
 1580.2 	 0.422703 
 1590.2 	 0.421681 
 1600.2 	 0.420684 
 1610.2 	 0.419712 
 1620.2 	 0.418764 
 1630.2 	 0.417841 
 1640.2 	 0.416942 
 1650.2 	 0.416068 
 1660.2 	 0.415219 
 1670.2 	 0.414395 
 1680.2 	 0.413595 
 1690.2 	 0.412819 
 1700.2 	 0.412069 
 1710.2 	 0.411342 
 1720.2 	 0.410641 
 1730.2 	 0.409964 
 1740.2 	 0.409312 
 1750.2 	 0.408684 
 1760.2 	 0.408082 
 1770.2 	 0.407503 
 1780.2 	 0.40695 
 1790.2 	 0.40642 
 1800.2 	 0.405916 
 1810.2 	 0.405436 
 1820.2 	 0.404981 
 1830.2 	 0.404551 
 1840.2 	 0.404145 
 1850.2 	 0.403763 
 1860.2 	 0.403407 
 1870.2 	 0.403075 
 1880.2 	 0.402767 
 1890.2 	 0.402485 
 1900.2 	 0.402227 
 1910.2 	 0.401993 
 1920.2 	 0.401784 
 1930.2 	 0.4016 
 1940.2 	 0.40144 
 1950.2 	 0.401305 
 1960.2 	 0.401195 
 1970.2 	 0.401109 
 1980.2 	 0.401048 
 1990.2 	 0.401012 
 2000.2 	 0.401 
 2010.2 	 0.401 
 2020.2 	 0.401 
 2030.2 	 0.401 
 2040.2 	 0.401 
 2050.2 	 0.401 
 2060.2 	 0.401001 
 2070.2 	 0.401001 
 2080.2 	 0.401001 
 2090.2 	 0.401002 
 2100.2 	 0.401002 
 2110.2 	 0.401002 
 2120.2 	 0.401003 
 2130.2 	 0.401003 
 2140.2 	 0.401004 
 2150.2 	 0.401004 
 2160.2 	 0.401005 
 2170.2 	 0.401006 
 2180.2 	 0.401006 
 2190.2 	 0.401007 
 2200.2 	 0.401008 
 2210.2 	 0.401009 
 2220.2 	 0.40101 
 2230.2 	 0.40101 
 2240.2 	 0.401011 
 2250.2 	 0.401012 
 2260.2 	 0.401013 
 2270.2 	 0.401014 
 2280.2 	 0.401015 
 2290.2 	 0.401017 
 2300.2 	 0.401018 
 2310.2 	 0.401019 
 2320.2 	 0.40102 
 2330.2 	 0.401021 
 2340.2 	 0.401023 
 2350.2 	 0.401024 
 2360.2 	 0.401025 
 2370.2 	 0.401027 
 2380.2 	 0.401028 
 2390.2 	 0.40103 
 2400.2 	 0.401031 
 2410.2 	 0.401033 
 2420.2 	 0.401034 
 2430.2 	 0.401036 
 2440.2 	 0.401038 
 2450.2 	 0.40104 
 2460.2 	 0.401041 
 2470.2 	 0.401043 
 2480.2 	 0.401045 
 2490.2 	 0.401047 
 2500.2 	 0.401049 
 2510.2 	 0.401051 
 2520.2 	 0.401053 
 2530.2 	 0.401055 
 2540.2 	 0.401057 
 2550.2 	 0.401059 
 2560.2 	 0.401061 
 2570.2 	 0.401063 
 2580.2 	 0.401065 
 2590.2 	 0.401068 
 2600.2 	 0.40107 
 2610.2 	 0.401072 
 2620.2 	 0.401075 
 2630.2 	 0.401077 
 2640.2 	 0.40108 
 2650.2 	 0.401082 
 2660.2 	 0.401085 
 2670.2 	 0.401087 
 2680.2 	 0.40109 
 2690.2 	 0.401092 
 2700.2 	 0.401095 
 2710.2 	 0.401098 
 2720.2 	 0.4011 
 2730.2 	 0.401103 
 2740.2 	 0.401106 
 2750.2 	 0.401109 
 2760.2 	 0.401112 
 2770.2 	 0.401115 
 2780.2 	 0.401118 
 2790.2 	 0.401121 
 2800.2 	 0.401124 
 2810.2 	 0.401127 
 2820.2 	 0.40113 
 2830.2 	 0.401133 
 2840.2 	 0.401136 
 2850.2 	 0.401139 
 2860.2 	 0.401143 
 2870.2 	 0.401146 
 2880.2 	 0.401149 
 2890.2 	 0.401153 
 2900.2 	 0.401156 
 2910.2 	 0.40116 
 2920.2 	 0.401163 
 2930.2 	 0.401167 
 2940.2 	 0.40117 
 2950.2 	 0.401174 
 2960.2 	 0.401177 
 2970.2 	 0.401181 
 2980.2 	 0.401185 
 2990.2 	 0.401188 
 3000.2 	 0.401192 
 3010.2 	 0.401196 
 3020.2 	 0.4012 
 3030.2 	 0.401204 
 3040.2 	 0.401208 
 3050.2 	 0.401212 
 3060.2 	 0.401215 
 3070.2 	 0.40122 
 3080.2 	 0.401224 
 3090.2 	 0.401228 
 3100.2 	 0.401232 
 3110.2 	 0.401236 
 3120.2 	 0.40124 
 3130.2 	 0.401244 
 3140.2 	 0.401249 
 3150.2 	 0.401253 
 3160.2 	 0.401257 
 3170.2 	 0.401262 
 3180.2 	 0.401266 
 3190.2 	 0.401271 
 3200.2 	 0.401275 
 3210.2 	 0.40128 
 3220.2 	 0.401284 
 3230.2 	 0.401289 
 3240.2 	 0.401293 
 3250.2 	 0.401298 
 3260.2 	 0.401303 
 3270.2 	 0.401307 
 3280.2 	 0.401312 
 3290.2 	 0.401317 
 3300.2 	 0.401322 
 3310.2 	 0.401327 
 3320.2 	 0.401332 
 3330.2 	 0.401337 
 3340.2 	 0.401342 
 3350.2 	 0.401347 
 3360.2 	 0.401352 
 3370.2 	 0.401357 
 3380.2 	 0.401362 
 3390.2 	 0.401367 
 3400.2 	 0.401372 
 3410.2 	 0.401377 
 3420.2 	 0.401383 
 3430.2 	 0.401388 
 3440.2 	 0.401393 
 3450.2 	 0.401399 
 3460.2 	 0.401404 
 3470.2 	 0.40141 
 3480.2 	 0.401415 
 3490.2 	 0.40142 
 3500.2 	 0.401426 
 3510.2 	 0.401432 
 3520.2 	 0.401437 
 3530.2 	 0.401443 
 3540.2 	 0.401449 
 3550.2 	 0.401454 
 3560.2 	 0.40146 
 3570.2 	 0.401466 
 3580.2 	 0.401472 
 3590.2 	 0.401477 
 3600.2 	 0.401483 
 3610.2 	 0.401489 
 3620.2 	 0.401495 
 3630.2 	 0.401501 
 3640.2 	 0.401507 
 3650.2 	 0.401513 
 3660.2 	 0.401519 
 3670.2 	 0.401525 
 3680.2 	 0.401532 
 3690.2 	 0.401538 
 3700.2 	 0.401544 
 3710.2 	 0.40155 
 3720.2 	 0.401557 
 3730.2 	 0.401563 
 3740.2 	 0.401569 
 3750.2 	 0.401576 
 3760.2 	 0.401582 
 3770.2 	 0.401589 
 3780.2 	 0.401595 
 3790.2 	 0.401602 
 3800.2 	 0.401608 
 3810.2 	 0.401615 
 3820.2 	 0.401621 
 3830.2 	 0.401628 
 3840.2 	 0.401635 
 3850.2 	 0.401641 
 3860.2 	 0.401648 
 3870.2 	 0.401655 
 3880.2 	 0.401662 
 3890.2 	 0.401669 
 3900.2 	 0.401676 
 3910.2 	 0.401683 
 3920.2 	 0.401689 
 3930.2 	 0.401696 
 3940.2 	 0.401704 
 3950.2 	 0.401711 
 3960.2 	 0.401718 
 3970.2 	 0.401725 
 3980.2 	 0.401732 
 3990.2 	 0.401739 
 4000.2 	 0.401746 
 4010.2 	 0.401754 
 4020.2 	 0.401761 
 4030.2 	 0.401768 
 4040.2 	 0.401776 
 4050.2 	 0.401783 
 4060.2 	 0.40179 
 4070.2 	 0.401798 
 4080.2 	 0.401805 
 4090.2 	 0.401813 
 4100.2 	 0.40182 
 4110.2 	 0.401828 
 4120.2 	 0.401836 
 4130.2 	 0.401843 
 4140.2 	 0.401851 
 4150.2 	 0.401859 
 4160.2 	 0.401866 
 4170.2 	 0.401874 
 4180.2 	 0.401882 
 4190.2 	 0.40189 
 4200.2 	 0.401898 
 4210.2 	 0.401906 
 4220.2 	 0.401914 
 4230.2 	 0.401922 
 4240.2 	 0.40193 
 4250.2 	 0.401938 
 4260.2 	 0.401946 
 4270.2 	 0.401954 
 4280.2 	 0.401962 
 4290.2 	 0.40197 
 4300.2 	 0.401978 
 4310.2 	 0.401987 
 4320.2 	 0.401995 
 4330.2 	 0.402003 
 4340.2 	 0.402011 
 4350.2 	 0.40202 
 4360.2 	 0.402028 
 4370.2 	 0.402037 
 4380.2 	 0.402045 
 4390.2 	 0.402054 
 4400.2 	 0.402062 
 4410.2 	 0.402071 
 4420.2 	 0.402079 
 4430.2 	 0.402088 
 4440.2 	 0.402096 
 4450.2 	 0.402105 
 4460.2 	 0.402114 
 4470.2 	 0.402123 
 4480.2 	 0.402131 
 4490.2 	 0.40214 
 4500.2 	 0.402149 
 4510.2 	 0.402158 
 4520.2 	 0.402167 
 4530.2 	 0.402176 
 4540.2 	 0.402185 
 4550.2 	 0.402194 
 4560.2 	 0.402203 
 4570.2 	 0.402212 
 4580.2 	 0.402221 
 4590.2 	 0.40223 
 4600.2 	 0.402239 
 4610.2 	 0.402248 
 4620.2 	 0.402257 
 4630.2 	 0.402267 
 4640.2 	 0.402276 
 4650.2 	 0.402285 
 4660.2 	 0.402295 
 4670.2 	 0.402304 
 4680.2 	 0.402313 
 4690.2 	 0.402323 
 4700.2 	 0.402332 
 4710.2 	 0.402342 
 4720.2 	 0.402351 
 4730.2 	 0.402361 
 4740.2 	 0.40237 
 4750.2 	 0.40238 
 4760.2 	 0.40239 
 4770.2 	 0.402399 
 4780.2 	 0.402409 
 4790.2 	 0.402419 
 4800.2 	 0.402428 
 4810.2 	 0.402438 
 4820.2 	 0.402448 
 4830.2 	 0.402458 
 4840.2 	 0.402468 
 4850.2 	 0.402478 
 4860.2 	 0.402488 
 4870.2 	 0.402498 
 4880.2 	 0.402508 
 4890.2 	 0.402518 
 4900.2 	 0.402528 
 4910.2 	 0.402538 
 4920.2 	 0.402548 
 4930.2 	 0.402558 
 4940.2 	 0.402568 
 4950.2 	 0.402578 
 4960.2 	 0.402589 
 4970.2 	 0.402599 
 4980.2 	 0.402609 
 4990.2 	 0.402619 
 5000.2 	 0.40263 
 5010.2 	 0.40264 
 5020.2 	 0.402651 
 5030.2 	 0.402661 
 5040.2 	 0.402672 
 5050.2 	 0.402682 
 5060.2 	 0.402693 
 5070.2 	 0.402703 
 5080.2 	 0.402714 
 5090.2 	 0.402724 
 5100.2 	 0.402735 
 5110.2 	 0.402746 
 5120.2 	 0.402756 
 5130.2 	 0.402767 
 5140.2 	 0.402778 
 5150.2 	 0.402789 
 5160.2 	 0.4028 
 5170.2 	 0.40281 
 5180.2 	 0.402821 
 5190.2 	 0.402832 
 5200.2 	 0.402843 
 5210.2 	 0.402854 
 5220.2 	 0.402865 
 5230.2 	 0.402876 
 5240.2 	 0.402887 
 5250.2 	 0.402898 
 5260.2 	 0.402909 
 5270.2 	 0.402921 
 5280.2 	 0.402932 
 5290.2 	 0.402943 
 5300.2 	 0.402954 
 5310.2 	 0.402965 
 5320.2 	 0.402977 
 5330.2 	 0.402988 
 5340.2 	 0.402999 
 5350.2 	 0.403011 
 5360.2 	 0.403022 
 5370.2 	 0.403034 
 5380.2 	 0.403045 
 5390.2 	 0.403057 
 5400.2 	 0.403068 
 5410.2 	 0.40308 
 5420.2 	 0.403091 
 5430.2 	 0.403103 
 5440.2 	 0.403114 
 5450.2 	 0.403126 
 5460.2 	 0.403138 
 5470.2 	 0.403149 
 5480.2 	 0.403161 
 5490.2 	 0.403173 
 5500.2 	 0.403185 
 5510.2 	 0.403197 
 5520.2 	 0.403208 
 5530.2 	 0.40322 
 5540.2 	 0.403232 
 5550.2 	 0.403244 
 5560.2 	 0.403256 
 5570.2 	 0.403268 
 5580.2 	 0.40328 
 5590.2 	 0.403292 
 5600.2 	 0.403304 
 5610.2 	 0.403316 
 5620.2 	 0.403328 
 5630.2 	 0.403341 
 5640.2 	 0.403353 
 5650.2 	 0.403365 
 5660.2 	 0.403377 
 5670.2 	 0.40339 
 5680.2 	 0.403402 
 5690.2 	 0.403414 
 5700.2 	 0.403427 
 5710.2 	 0.403439 
 5720.2 	 0.403451 
 5730.2 	 0.403464 
 5740.2 	 0.403476 
 5750.2 	 0.403489 
 5760.2 	 0.403501 
 5770.2 	 0.403514 
 5780.2 	 0.403526 
 5790.2 	 0.403539 
 5800.2 	 0.403552 
 5810.2 	 0.403564 
 5820.2 	 0.403577 
 5830.2 	 0.40359 
 5840.2 	 0.403602 
 5850.2 	 0.403615 
 5860.2 	 0.403628 
 5870.2 	 0.403641 
 5880.2 	 0.403653 
 5890.2 	 0.403666 
 5900.2 	 0.403679 
 5910.2 	 0.403692 
 5920.2 	 0.403705 
 5930.2 	 0.403718 
 5940.2 	 0.403731 
 5950.2 	 0.403744 
 5960.2 	 0.403757 
 5970.2 	 0.40377 
 5980.2 	 0.403783 
 5990.2 	 0.403796 
 6000.2 	 0.40381 
 6010.2 	 0.403823 
 6020.2 	 0.403836 
 6030.2 	 0.403849 
 6040.2 	 0.403862 
 6050.2 	 0.403876 
 6060.2 	 0.403889 
 6070.2 	 0.403902 
 6080.2 	 0.403916 
 6090.2 	 0.403929 
 6100.2 	 0.403943 
 6110.2 	 0.403956 
 6120.2 	 0.40397 
 6130.2 	 0.403983 
 6140.2 	 0.403997 
 6150.2 	 0.40401 
 6160.2 	 0.404024 
 6170.2 	 0.404037 
 6180.2 	 0.404051 
 6190.2 	 0.404065 
 6200.2 	 0.404078 
 6210.2 	 0.404092 
 6220.2 	 0.404106 
 6230.2 	 0.404119 
 6240.2 	 0.404133 
 6250.2 	 0.404147 
 6260.2 	 0.404161 
 6270.2 	 0.404175 
 6280.2 	 0.404189 
 6290.2 	 0.404202 
 6300.2 	 0.404216 
 6310.2 	 0.40423 
 6320.2 	 0.404244 
 6330.2 	 0.404258 
 6340.2 	 0.404272 
 6350.2 	 0.404286 
 6360.2 	 0.4043 
 6370.2 	 0.404315 
 6380.2 	 0.404329 
 6390.2 	 0.404343 
 6400.2 	 0.404357 
 6410.2 	 0.404371 
 6420.2 	 0.404386 
 6430.2 	 0.4044 
 6440.2 	 0.404414 
 6450.2 	 0.404428 
 6460.2 	 0.404443 
 6470.2 	 0.404457 
 6480.2 	 0.404471 
 6490.2 	 0.404486 
 6500.2 	 0.4045 
 6510.2 	 0.404515 
 6520.2 	 0.404529 
 6530.2 	 0.404544 
 6540.2 	 0.404558 
 6550.2 	 0.404573 
 6560.2 	 0.404587 
 6570.2 	 0.404602 
 6580.2 	 0.404617 
 6590.2 	 0.404631 
 6600.2 	 0.404646 
 6610.2 	 0.404661 
 6620.2 	 0.404675 
 6630.2 	 0.40469 
 6640.2 	 0.404705 
 6650.2 	 0.40472 
 6660.2 	 0.404735 
 6670.2 	 0.404749 
 6680.2 	 0.404764 
 6690.2 	 0.404779 
 6700.2 	 0.404794 
 6710.2 	 0.404809 
 6720.2 	 0.404824 
 6730.2 	 0.404839 
 6740.2 	 0.404854 
 6750.2 	 0.404869 
 6760.2 	 0.404884 
 6770.2 	 0.404899 
 6780.2 	 0.404914 
 6790.2 	 0.404929 
 6800.2 	 0.404945 
 6810.2 	 0.40496 
 6820.2 	 0.404975 
 6830.2 	 0.40499 
 6840.2 	 0.405005 
 6850.2 	 0.405021 
 6860.2 	 0.405036 
 6870.2 	 0.405051 
 6880.2 	 0.405067 
 6890.2 	 0.405082 
 6900.2 	 0.405097 
 6910.2 	 0.405113 
 6920.2 	 0.405128 
 6930.2 	 0.405144 
 6940.2 	 0.405159 
 6950.2 	 0.405175 
 6960.2 	 0.40519 
 6970.2 	 0.405206 
 6980.2 	 0.405221 
 6990.2 	 0.405237 
 7000.2 	 0.405253 
 7010.2 	 0.405268 
 7020.2 	 0.405284 
 7030.2 	 0.4053 
 7040.2 	 0.405315 
 7050.2 	 0.405331 
 7060.2 	 0.405347 
 7070.2 	 0.405363 
 7080.2 	 0.405379 
 7090.2 	 0.405394 
 7100.2 	 0.40541 
 7110.2 	 0.405426 
 7120.2 	 0.405442 
 7130.2 	 0.405458 
 7140.2 	 0.405474 
 7150.2 	 0.40549 
 7160.2 	 0.405506 
 7170.2 	 0.405522 
 7180.2 	 0.405538 
 7190.2 	 0.405554 
 7200.2 	 0.40557 
 7210.2 	 0.405586 
 7220.2 	 0.405602 
 7230.2 	 0.405618 
 7240.2 	 0.405635 
 7250.2 	 0.405651 
 7260.2 	 0.405667 
 7270.2 	 0.405683 
 7280.2 	 0.405699 
 7290.2 	 0.405716 
 7300.2 	 0.405732 
 7310.2 	 0.405748 
 7320.2 	 0.405765 
 7330.2 	 0.405781 
 7340.2 	 0.405798 
 7350.2 	 0.405814 
 7360.2 	 0.40583 
 7370.2 	 0.405847 
 7380.2 	 0.405863 
 7390.2 	 0.40588 
 7400.2 	 0.405896 
 7410.2 	 0.405913 
 7420.2 	 0.405929 
 7430.2 	 0.405946 
 7440.2 	 0.405963 
 7450.2 	 0.405979 
 7460.2 	 0.405996 
 7470.2 	 0.406013 
 7480.2 	 0.406029 
 7490.2 	 0.406046 
 7500.2 	 0.406063 
 7510.2 	 0.40608 
 7520.2 	 0.406096 
 7530.2 	 0.406113 
 7540.2 	 0.40613 
 7550.2 	 0.406147 
 7560.2 	 0.406164 
 7570.2 	 0.406181 
 7580.2 	 0.406197 
 7590.2 	 0.406214 
 7600.2 	 0.406231 
 7610.2 	 0.406248 
 7620.2 	 0.406265 
 7630.2 	 0.406282 
 7640.2 	 0.406299 
 7650.2 	 0.406316 
 7660.2 	 0.406333 
 7670.2 	 0.406351 
 7680.2 	 0.406368 
 7690.2 	 0.406385 
 7700.2 	 0.406402 
 7710.2 	 0.406419 
 7720.2 	 0.406436 
 7730.2 	 0.406454 
 7740.2 	 0.406471 
 7750.2 	 0.406488 
 7760.2 	 0.406505 
 7770.2 	 0.406523 
 7780.2 	 0.40654 
 7790.2 	 0.406557 
 7800.2 	 0.406575 
 7810.2 	 0.406592 
 7820.2 	 0.40661 
 7830.2 	 0.406627 
 7840.2 	 0.406644 
 7850.2 	 0.406662 
 7860.2 	 0.406679 
 7870.2 	 0.406697 
 7880.2 	 0.406714 
 7890.2 	 0.406732 
 7900.2 	 0.406749 
 7910.2 	 0.406767 
 7920.2 	 0.406785 
 7930.2 	 0.406802 
 7940.2 	 0.40682 
 7950.2 	 0.406838 
 7960.2 	 0.406855 
 7970.2 	 0.406873 
 7980.2 	 0.406891 
 7990.2 	 0.406909 
 8000.2 	 0.406926 
 8010.2 	 0.406944 
 8020.2 	 0.406962 
 8030.2 	 0.40698 
 8040.2 	 0.406998 
 8050.2 	 0.407015 
 8060.2 	 0.407033 
 8070.2 	 0.407051 
 8080.2 	 0.407069 
 8090.2 	 0.407087 
 8100.2 	 0.407105 
 8110.2 	 0.407123 
 8120.2 	 0.407141 
 8130.2 	 0.407159 
 8140.2 	 0.407177 
 8150.2 	 0.407195 
 8160.2 	 0.407213 
 8170.2 	 0.407231 
 8180.2 	 0.407249 
 8190.2 	 0.407268 
 8200.2 	 0.407286 
 8210.2 	 0.407304 
 8220.2 	 0.407322 
 8230.2 	 0.40734 
 8240.2 	 0.407359 
 8250.2 	 0.407377 
 8260.2 	 0.407395 
 8270.2 	 0.407413 
 8280.2 	 0.407432 
 8290.2 	 0.40745 
 8300.2 	 0.407468 
 8310.2 	 0.407487 
 8320.2 	 0.407505 
 8330.2 	 0.407524 
 8340.2 	 0.407542 
 8350.2 	 0.40756 
 8360.2 	 0.407579 
 8370.2 	 0.407597 
 8380.2 	 0.407616 
 8390.2 	 0.407634 
 8400.2 	 0.407653 
 8410.2 	 0.407671 
 8420.2 	 0.40769 
 8430.2 	 0.407709 
 8440.2 	 0.407727 
 8450.2 	 0.407746 
 8460.2 	 0.407764 
 8470.2 	 0.407783 
 8480.2 	 0.407802 
 8490.2 	 0.40782 
 8500.2 	 0.407839 
 8510.2 	 0.407858 
 8520.2 	 0.407877 
 8530.2 	 0.407895 
 8540.2 	 0.407914 
 8550.2 	 0.407933 
 8560.2 	 0.407952 
 8570.2 	 0.407971 
 8580.2 	 0.40799 
 8590.2 	 0.408008 
 8600.2 	 0.408027 
 8610.2 	 0.408046 
 8620.2 	 0.408065 
 8630.2 	 0.408084 
 8640.2 	 0.408103 
 8650.2 	 0.408122 
 8660.2 	 0.408141 
 8670.2 	 0.40816 
 8680.2 	 0.408179 
 8690.2 	 0.408198 
 8700.2 	 0.408217 
 8710.2 	 0.408236 
 8720.2 	 0.408255 
 8730.2 	 0.408275 
 8740.2 	 0.408294 
 8750.2 	 0.408313 
 8760.2 	 0.408332 
 8770.2 	 0.408351 
 8780.2 	 0.40837 
 8790.2 	 0.40839 
 8800.2 	 0.408409 
 8810.2 	 0.408428 
 8820.2 	 0.408447 
 8830.2 	 0.408467 
 8840.2 	 0.408486 
 8850.2 	 0.408505 
 8860.2 	 0.408525 
 8870.2 	 0.408544 
 8880.2 	 0.408564 
 8890.2 	 0.408583 
 8900.2 	 0.408602 
 8910.2 	 0.408622 
 8920.2 	 0.408641 
 8930.2 	 0.408661 
 8940.2 	 0.40868 
 8950.2 	 0.4087 
 8960.2 	 0.408719 
 8970.2 	 0.408739 
 8980.2 	 0.408758 
 8990.2 	 0.408778 
 9000.2 	 0.408797 
 9010.2 	 0.408817 
 9020.2 	 0.408837 
 9030.2 	 0.408856 
 9040.2 	 0.408876 
 9050.2 	 0.408896 
 9060.2 	 0.408915 
 9070.2 	 0.408935 
 9080.2 	 0.408955 
 9090.2 	 0.408974 
 9100.2 	 0.408994 
 9110.2 	 0.409014 
 9120.2 	 0.409034 
 9130.2 	 0.409053 
 9140.2 	 0.409073 
 9150.2 	 0.409093 
 9160.2 	 0.409113 
 9170.2 	 0.409133 
 9180.2 	 0.409153 
 9190.2 	 0.409172 
 9200.2 	 0.409192 
 9210.2 	 0.409212 
 9220.2 	 0.409232 
 9230.2 	 0.409252 
 9240.2 	 0.409272 
 9250.2 	 0.409292 
 9260.2 	 0.409312 
 9270.2 	 0.409332 
 9280.2 	 0.409352 
 9290.2 	 0.409372 
 9300.2 	 0.409392 
 9310.2 	 0.409412 
 9320.2 	 0.409432 
 9330.2 	 0.409453 
 9340.2 	 0.409473 
 9350.2 	 0.409493 
 9360.2 	 0.409513 
 9370.2 	 0.409533 
 9380.2 	 0.409553 
 9390.2 	 0.409574 
 9400.2 	 0.409594 
 9410.2 	 0.409614 
 9420.2 	 0.409634 
 9430.2 	 0.409654 
 9440.2 	 0.409675 
 9450.2 	 0.409695 
 9460.2 	 0.409715 
 9470.2 	 0.409736 
 9480.2 	 0.409756 
 9490.2 	 0.409776 
 9500.2 	 0.409797 
 9510.2 	 0.409817 
 9520.2 	 0.409837 
 9530.2 	 0.409858 
 9540.2 	 0.409878 
 9550.2 	 0.409899 
 9560.2 	 0.409919 
 9570.2 	 0.40994 
 9580.2 	 0.40996 
 9590.2 	 0.409981 
 9600.2 	 0.410001 
 9610.2 	 0.410022 
 9620.2 	 0.410042 
 9630.2 	 0.410063 
 9640.2 	 0.410083 
 9650.2 	 0.410104 
 9660.2 	 0.410125 
 9670.2 	 0.410145 
 9680.2 	 0.410166 
 9690.2 	 0.410186 
 9700.2 	 0.410207 
 9710.2 	 0.410228 
 9720.2 	 0.410248 
 9730.2 	 0.410269 
 9740.2 	 0.41029 
 9750.2 	 0.410311 
 9760.2 	 0.410331 
 9770.2 	 0.410352 
 9780.2 	 0.410373 
 9790.2 	 0.410394 
 9800.2 	 0.410414 
 9810.2 	 0.410435 
 9820.2 	 0.410456 
 9830.2 	 0.410477 
 9840.2 	 0.410498 
 9850.2 	 0.410519 
 9860.2 	 0.410539 
 9870.2 	 0.41056 
 9880.2 	 0.410581 
 9890.2 	 0.410602 
 9900.2 	 0.410623 
 9910.2 	 0.410644 
 9920.2 	 0.410665 
 9930.2 	 0.410686 
 9940.2 	 0.410707 
 9950.2 	 0.410728 
 9960.2 	 0.410749 
 9970.2 	 0.41077 
 9980.2 	 0.410791 
 9990.2 	 0.410812 
 10000.2 	 0.410833 
 10010.2 	 0.410854 
 10020.2 	 0.410875 
 10030.2 	 0.410896 
 10040.2 	 0.410917 
 10050.2 	 0.410939 
 10060.2 	 0.41096 
 10070.2 	 0.410981 
 10080.2 	 0.411002 
 10090.2 	 0.411023 
 10100.2 	 0.411044 
 10110.2 	 0.411066 
 10120.2 	 0.411087 
 10130.2 	 0.411108 
 10140.2 	 0.411129 
 10150.2 	 0.411151 
 10160.2 	 0.411172 
 10170.2 	 0.411193 
 10180.2 	 0.411214 
 10190.2 	 0.411236 
 10200.2 	 0.411257 
 10210.2 	 0.411278 
 10220.2 	 0.4113 
 10230.2 	 0.411321 
 10240.2 	 0.411342 
 10250.2 	 0.411364 
 10260.2 	 0.411385 
 10270.2 	 0.411407 
 10280.2 	 0.411428 
 10290.2 	 0.41145 
 10300.2 	 0.411471 
 10310.2 	 0.411492 
 10320.2 	 0.411514 
 10330.2 	 0.411535 
 10340.2 	 0.411557 
 10350.2 	 0.411578 
 10360.2 	 0.4116 
 10370.2 	 0.411621 
 10380.2 	 0.411643 
 10390.2 	 0.411664 
 10400.2 	 0.411686 
 10410.2 	 0.411708 
 10420.2 	 0.411729 
 10430.2 	 0.411751 
 10440.2 	 0.411772 
 10450.2 	 0.411794 
 10460.2 	 0.411816 
 10470.2 	 0.411837 
 10480.2 	 0.411859 
 10490.2 	 0.411881 
 10500.2 	 0.411902 
 10510.2 	 0.411924 
 10520.2 	 0.411946 
 10530.2 	 0.411967 
 10540.2 	 0.411989 
 10550.2 	 0.412011 
 10560.2 	 0.412033 
 10570.2 	 0.412054 
 10580.2 	 0.412076 
 10590.2 	 0.412098 
 10600.2 	 0.41212 
 10610.2 	 0.412142 
 10620.2 	 0.412163 
 10630.2 	 0.412185 
 10640.2 	 0.412207 
 10650.2 	 0.412229 
 10660.2 	 0.412251 
 10670.2 	 0.412273 
 10680.2 	 0.412295 
 10690.2 	 0.412316 
 10700.2 	 0.412338 
 10710.2 	 0.41236 
 10720.2 	 0.412382 
 10730.2 	 0.412404 
 10740.2 	 0.412426 
 10750.2 	 0.412448 
 10760.2 	 0.41247 
 10770.2 	 0.412492 
 10780.2 	 0.412514 
 10790.2 	 0.412536 
 10800.2 	 0.412558 
 10810.2 	 0.41258 
 10820.2 	 0.412602 
 10830.2 	 0.412624 
 10840.2 	 0.412646 
 10850.2 	 0.412668 
 10860.2 	 0.41269 
 10870.2 	 0.412712 
 10880.2 	 0.412734 
 10890.2 	 0.412757 
 10900.2 	 0.412779 
 10910.2 	 0.412801 
 10920.2 	 0.412823 
 10930.2 	 0.412845 
 10940.2 	 0.412867 
 10950.2 	 0.412889 
 10960.2 	 0.412912 
 10970.2 	 0.412934 
 10980.2 	 0.412956 
 10990.2 	 0.412978 
 11000.2 	 0.413 
 11010.2 	 0.413023 
 11020.2 	 0.413045 
 11030.2 	 0.413067 
 11040.2 	 0.413089 
 11050.2 	 0.413112 
 11060.2 	 0.413134 
 11070.2 	 0.413156 
 11080.2 	 0.413179 
 11090.2 	 0.413201 
 11100.2 	 0.413223 
 11110.2 	 0.413245 
 11120.2 	 0.413268 
 11130.2 	 0.41329 
 11140.2 	 0.413313 
 11150.2 	 0.413335 
 11160.2 	 0.413357 
 11170.2 	 0.41338 
 11180.2 	 0.413402 
 11190.2 	 0.413424 
 11200.2 	 0.413447 
 11210.2 	 0.413469 
 11220.2 	 0.413492 
 11230.2 	 0.413514 
 11240.2 	 0.413537 
 11250.2 	 0.413559 
 11260.2 	 0.413581 
 11270.2 	 0.413604 
 11280.2 	 0.413626 
 11290.2 	 0.413649 
 11300.2 	 0.413671 
 11310.2 	 0.413694 
 11320.2 	 0.413716 
 11330.2 	 0.413739 
 11340.2 	 0.413761 
 11350.2 	 0.413784 
 11360.2 	 0.413807 
 11370.2 	 0.413829 
 11380.2 	 0.413852 
 11390.2 	 0.413874 
 11400.2 	 0.413897 
 11410.2 	 0.413919 
 11420.2 	 0.413942 
 11430.2 	 0.413965 
 11440.2 	 0.413987 
 11450.2 	 0.41401 
 11460.2 	 0.414033 
 11470.2 	 0.414055 
 11480.2 	 0.414078 
 11490.2 	 0.414101 
 11500.2 	 0.414123 
 11510.2 	 0.414146 
 11520.2 	 0.414169 
 11530.2 	 0.414191 
 11540.2 	 0.414214 
 11550.2 	 0.414237 
 11560.2 	 0.414259 
 11570.2 	 0.414282 
 11580.2 	 0.414305 
 11590.2 	 0.414328 
 11600.2 	 0.41435 
 11610.2 	 0.414373 
 11620.2 	 0.414396 
 11630.2 	 0.414419 
 11640.2 	 0.414441 
 11650.2 	 0.414464 
 11660.2 	 0.414487 
 11670.2 	 0.41451 
 11680.2 	 0.414533 
 11690.2 	 0.414555 
 11700.2 	 0.414578 
 11710.2 	 0.414601 
 11720.2 	 0.414624 
 11730.2 	 0.414647 
 11740.2 	 0.41467 
 11750.2 	 0.414693 
 11760.2 	 0.414715 
 11770.2 	 0.414738 
 11780.2 	 0.414761 
 11790.2 	 0.414784 
 11800.2 	 0.414807 
 11810.2 	 0.41483 
 11820.2 	 0.414853 
 11830.2 	 0.414876 
 11840.2 	 0.414899 
 11850.2 	 0.414922 
 11860.2 	 0.414945 
 11870.2 	 0.414968 
 11880.2 	 0.414991 
 11890.2 	 0.415013 
 11900.2 	 0.415036 
 11910.2 	 0.415059 
 11920.2 	 0.415082 
 11930.2 	 0.415105 
 11940.2 	 0.415128 
 11950.2 	 0.415151 
 11960.2 	 0.415174 
 11970.2 	 0.415197 
 11980.2 	 0.415221 
 11990.2 	 0.415244 
 12000.2 	 0.415267 
 12010.2 	 0.41529 
 12020.2 	 0.415313 
 12030.2 	 0.415336 
 12040.2 	 0.415359 
 12050.2 	 0.415382 
 12060.2 	 0.415405 
 12070.2 	 0.415428 
 12080.2 	 0.415451 
 12090.2 	 0.415474 
 12100.2 	 0.415497 
 12110.2 	 0.41552 
 12120.2 	 0.415544 
 12130.2 	 0.415567 
 12140.2 	 0.41559 
 12150.2 	 0.415613 
 12160.2 	 0.415636 
 12170.2 	 0.415659 
 12180.2 	 0.415682 
 12190.2 	 0.415706 
 12200.2 	 0.415729 
 12210.2 	 0.415752 
 12220.2 	 0.415775 
 12230.2 	 0.415798 
 12240.2 	 0.415821 
 12250.2 	 0.415845 
 12260.2 	 0.415868 
 12270.2 	 0.415891 
 12280.2 	 0.415914 
 12290.2 	 0.415938 
 12300.2 	 0.415961 
 12310.2 	 0.415984 
 12320.2 	 0.416007 
 12330.2 	 0.41603 
 12340.2 	 0.416054 
 12350.2 	 0.416077 
 12360.2 	 0.4161 
 12370.2 	 0.416123 
 12380.2 	 0.416147 
 12390.2 	 0.41617 
 12400.2 	 0.416193 
 12410.2 	 0.416217 
 12420.2 	 0.41624 
 12430.2 	 0.416263 
 12440.2 	 0.416286 
 12450.2 	 0.41631 
 12460.2 	 0.416333 
 12470.2 	 0.416356 
 12480.2 	 0.41638 
 12490.2 	 0.416403 
 12500.2 	 0.416426 
 12510.2 	 0.41645 
 12520.2 	 0.416473 
 12530.2 	 0.416496 
 12540.2 	 0.41652 
 12550.2 	 0.416543 
 12560.2 	 0.416566 
 12570.2 	 0.41659 
 12580.2 	 0.416613 
 12590.2 	 0.416637 
 12600.2 	 0.41666 
 12610.2 	 0.416683 
 12620.2 	 0.416707 
 12630.2 	 0.41673 
 12640.2 	 0.416754 
 12650.2 	 0.416777 
 12660.2 	 0.4168 
 12670.2 	 0.416824 
 12680.2 	 0.416847 
 12690.2 	 0.416871 
 12700.2 	 0.416894 
 12710.2 	 0.416917 
 12720.2 	 0.416941 
 12730.2 	 0.416964 
 12740.2 	 0.416988 
 12750.2 	 0.417011 
 12760.2 	 0.417035 
 12770.2 	 0.417058 
 12780.2 	 0.417082 
 12790.2 	 0.417105 
 12800.2 	 0.417128 
 12810.2 	 0.417152 
 12820.2 	 0.417175 
 12830.2 	 0.417199 
 12840.2 	 0.417222 
 12850.2 	 0.417246 
 12860.2 	 0.417269 
 12870.2 	 0.417293 
 12880.2 	 0.417316 
 12890.2 	 0.41734 
 12900.2 	 0.417363 
 12910.2 	 0.417387 
 12920.2 	 0.41741 
 12930.2 	 0.417434 
 12940.2 	 0.417457 
 12950.2 	 0.417481 
 12960.2 	 0.417504 
 12970.2 	 0.417528 
 12980.2 	 0.417551 
 12990.2 	 0.417575 
 13000.2 	 0.417599 
 13010.2 	 0.417622 
 13020.2 	 0.417646 
 13030.2 	 0.417669 
 13040.2 	 0.417693 
 13050.2 	 0.417716 
 13060.2 	 0.41774 
 13070.2 	 0.417763 
 13080.2 	 0.417787 
 13090.2 	 0.417811 
 13100.2 	 0.417834 
 13110.2 	 0.417858 
 13120.2 	 0.417881 
 13130.2 	 0.417905 
 13140.2 	 0.417928 
 13150.2 	 0.417952 
 13160.2 	 0.417976 
 13170.2 	 0.417999 
 13180.2 	 0.418023 
 13190.2 	 0.418046 
 13200.2 	 0.41807 
 13210.2 	 0.418094 
 13220.2 	 0.418117 
 13230.2 	 0.418141 
 13240.2 	 0.418164 
 13250.2 	 0.418188 
 13260.2 	 0.418212 
 13270.2 	 0.418235 
 13280.2 	 0.418259 
 13290.2 	 0.418282 
 13300.2 	 0.418306 
 13310.2 	 0.41833 
 13320.2 	 0.418353 
 13330.2 	 0.418377 
 13340.2 	 0.418401 
 13350.2 	 0.418424 
 13360.2 	 0.418448 
 13370.2 	 0.418471 
 13380.2 	 0.418495 
 13390.2 	 0.418519 
 13400.2 	 0.418542 
 13410.2 	 0.418566 
 13420.2 	 0.41859 
 13430.2 	 0.418613 
 13440.2 	 0.418637 
 13450.2 	 0.418661 
 13460.2 	 0.418684 
 13470.2 	 0.418708 
 13480.2 	 0.418732 
 13490.2 	 0.418755 
 13500.2 	 0.418779 
 13510.2 	 0.418803 
 13520.2 	 0.418826 
 13530.2 	 0.41885 
 13540.2 	 0.418874 
 13550.2 	 0.418897 
 13560.2 	 0.418921 
 13570.2 	 0.418945 
 13580.2 	 0.418968 
 13590.2 	 0.418992 
 13600.2 	 0.419016 
 13610.2 	 0.419039 
 13620.2 	 0.419063 
 13630.2 	 0.419087 
 13640.2 	 0.41911 
 13650.2 	 0.419134 
 13660.2 	 0.419158 
 13670.2 	 0.419181 
 13680.2 	 0.419205 
 13690.2 	 0.419229 
 13700.2 	 0.419252 
 13710.2 	 0.419276 
 13720.2 	 0.4193 
 13730.2 	 0.419324 
 13740.2 	 0.419347 
 13750.2 	 0.419371 
 13760.2 	 0.419395 
 13770.2 	 0.419418 
 13780.2 	 0.419442 
 13790.2 	 0.419466 
 13800.2 	 0.419489 
 13810.2 	 0.419513 
 13820.2 	 0.419537 
 13830.2 	 0.419561 
 13840.2 	 0.419584 
 13850.2 	 0.419608 
 13860.2 	 0.419632 
 13870.2 	 0.419655 
 13880.2 	 0.419679 
 13890.2 	 0.419703 
 13900.2 	 0.419726 
 13910.2 	 0.41975 
 13920.2 	 0.419774 
 13930.2 	 0.419798 
 13940.2 	 0.419821 
 13950.2 	 0.419845 
 13960.2 	 0.419869 
 13970.2 	 0.419892 
 13980.2 	 0.419916 
 13990.2 	 0.41994 
 14000.2 	 0.419963 
 14010.2 	 0.419987 
 14020.2 	 0.420011 
 14030.2 	 0.420035 
 14040.2 	 0.420058 
 14050.2 	 0.420082 
 14060.2 	 0.420106 
 14070.2 	 0.420129 
 14080.2 	 0.420153 
 14090.2 	 0.420177 
 14100.2 	 0.4202 
 14110.2 	 0.420224 
 14120.2 	 0.420248 
 14130.2 	 0.420272 
 14140.2 	 0.420295 
 14150.2 	 0.420319 
 14160.2 	 0.420343 
 14170.2 	 0.420366 
 14180.2 	 0.42039 
 14190.2 	 0.420414 
 14200.2 	 0.420437 
 14210.2 	 0.420461 
 14220.2 	 0.420485 
 14230.2 	 0.420509 
 14240.2 	 0.420532 
 14250.2 	 0.420556 
 14260.2 	 0.42058 
 14270.2 	 0.420603 
 14280.2 	 0.420627 
 14290.2 	 0.420651 
 14300.2 	 0.420674 
 14310.2 	 0.420698 
 14320.2 	 0.420722 
 14330.2 	 0.420745 
 14340.2 	 0.420769 
 14350.2 	 0.420793 
 14360.2 	 0.420817 
 14370.2 	 0.42084 
 14380.2 	 0.420864 
 14390.2 	 0.420888 
 14400.2 	 0.420911 
 14410.2 	 0.420935 
 14420.2 	 0.420959 
 14430.2 	 0.420982 
 14440.2 	 0.421006 
 14450.2 	 0.42103 
 14460.2 	 0.421053 
 14470.2 	 0.421077 
 14480.2 	 0.421101 
 14490.2 	 0.421124 
 14500.2 	 0.421148 
 14510.2 	 0.421172 
 14520.2 	 0.421195 
 14530.2 	 0.421219 
 14540.2 	 0.421243 
 14550.2 	 0.421266 
 14560.2 	 0.42129 
 14570.2 	 0.421314 
 14580.2 	 0.421337 
 14590.2 	 0.421361 
 14600.2 	 0.421384 
 14610.2 	 0.421408 
 14620.2 	 0.421432 
 14630.2 	 0.421455 
 14640.2 	 0.421479 
 14650.2 	 0.421503 
 14660.2 	 0.421526 
 14670.2 	 0.42155 
 14680.2 	 0.421574 
 14690.2 	 0.421597 
 14700.2 	 0.421621 
 14710.2 	 0.421644 
 14720.2 	 0.421668 
 14730.2 	 0.421692 
 14740.2 	 0.421715 
 14750.2 	 0.421739 
 14760.2 	 0.421763 
 14770.2 	 0.421786 
 14780.2 	 0.42181 
 14790.2 	 0.421833 
 14800.2 	 0.421857 
 14810.2 	 0.421881 
 14820.2 	 0.421904 
 14830.2 	 0.421928 
 14840.2 	 0.421951 
 14850.2 	 0.421975 
 14860.2 	 0.421998 
 14870.2 	 0.422022 
 14880.2 	 0.422046 
 14890.2 	 0.422069 
 14900.2 	 0.422093 
 14910.2 	 0.422116 
 14920.2 	 0.42214 
 14930.2 	 0.422163 
 14940.2 	 0.422187 
 14950.2 	 0.422211 
 14960.2 	 0.422234 
 14970.2 	 0.422258 
 14980.2 	 0.422281 
 14990.2 	 0.422305 
 15000.2 	 0.422328 
 15010.2 	 0.422352 
 15020.2 	 0.422375 
 15030.2 	 0.422399 
 15040.2 	 0.422422 
 15050.2 	 0.422446 
 15060.2 	 0.422469 
 15070.2 	 0.422493 
 15080.2 	 0.422517 
 15090.2 	 0.42254 
 15100.2 	 0.422564 
 15110.2 	 0.422587 
 15120.2 	 0.422611 
 15130.2 	 0.422634 
 15140.2 	 0.422658 
 15150.2 	 0.422681 
 15160.2 	 0.422704 
 15170.2 	 0.422728 
 15180.2 	 0.422751 
 15190.2 	 0.422775 
 15200.2 	 0.422798 
 15210.2 	 0.422822 
 15220.2 	 0.422845 
 15230.2 	 0.422869 
 15240.2 	 0.422892 
 15250.2 	 0.422916 
 15260.2 	 0.422939 
 15270.2 	 0.422963 
 15280.2 	 0.422986 
 15290.2 	 0.423009 
 15300.2 	 0.423033 
 15310.2 	 0.423056 
 15320.2 	 0.42308 
 15330.2 	 0.423103 
 15340.2 	 0.423127 
 15350.2 	 0.42315 
 15360.2 	 0.423173 
 15370.2 	 0.423197 
 15380.2 	 0.42322 
 15390.2 	 0.423244 
 15400.2 	 0.423267 
 15410.2 	 0.42329 
 15420.2 	 0.423314 
 15430.2 	 0.423337 
 15440.2 	 0.42336 
 15450.2 	 0.423384 
 15460.2 	 0.423407 
 15470.2 	 0.42343 
 15480.2 	 0.423454 
 15490.2 	 0.423477 
 15500.2 	 0.4235 
 15510.2 	 0.423524 
 15520.2 	 0.423547 
 15530.2 	 0.42357 
 15540.2 	 0.423594 
 15550.2 	 0.423617 
 15560.2 	 0.42364 
 15570.2 	 0.423664 
 15580.2 	 0.423687 
 15590.2 	 0.42371 
 15600.2 	 0.423734 
 15610.2 	 0.423757 
 15620.2 	 0.42378 
 15630.2 	 0.423803 
 15640.2 	 0.423827 
 15650.2 	 0.42385 
 15660.2 	 0.423873 
 15670.2 	 0.423896 
 15680.2 	 0.42392 
 15690.2 	 0.423943 
 15700.2 	 0.423966 
 15710.2 	 0.423989 
 15720.2 	 0.424013 
 15730.2 	 0.424036 
 15740.2 	 0.424059 
 15750.2 	 0.424082 
 15760.2 	 0.424105 
 15770.2 	 0.424129 
 15780.2 	 0.424152 
 15790.2 	 0.424175 
 15800.2 	 0.424198 
 15810.2 	 0.424221 
 15820.2 	 0.424244 
 15830.2 	 0.424268 
 15840.2 	 0.424291 
 15850.2 	 0.424314 
 15860.2 	 0.424337 
 15870.2 	 0.42436 
 15880.2 	 0.424383 
 15890.2 	 0.424406 
 15900.2 	 0.424429 
 15910.2 	 0.424453 
 15920.2 	 0.424476 
 15930.2 	 0.424499 
 15940.2 	 0.424522 
 15950.2 	 0.424545 
 15960.2 	 0.424568 
 15970.2 	 0.424591 
 15980.2 	 0.424614 
 15990.2 	 0.424637 
 16000.2 	 0.42466 
 16010.2 	 0.424683 
 16020.2 	 0.424706 
 16030.2 	 0.424729 
 16040.2 	 0.424752 
 16050.2 	 0.424775 
 16060.2 	 0.424798 
 16070.2 	 0.424821 
 16080.2 	 0.424844 
 16090.2 	 0.424867 
 16100.2 	 0.42489 
 16110.2 	 0.424913 
 16120.2 	 0.424936 
 16130.2 	 0.424959 
 16140.2 	 0.424982 
 16150.2 	 0.425005 
 16160.2 	 0.425028 
 16170.2 	 0.425051 
 16180.2 	 0.425074 
 16190.2 	 0.425097 
 16200.2 	 0.42512 
 16210.2 	 0.425143 
 16220.2 	 0.425166 
 16230.2 	 0.425188 
 16240.2 	 0.425211 
 16250.2 	 0.425234 
 16260.2 	 0.425257 
 16270.2 	 0.42528 
 16280.2 	 0.425303 
 16290.2 	 0.425326 
 16300.2 	 0.425349 
 16310.2 	 0.425371 
 16320.2 	 0.425394 
 16330.2 	 0.425417 
 16340.2 	 0.42544 
 16350.2 	 0.425463 
 16360.2 	 0.425485 
 16370.2 	 0.425508 
 16380.2 	 0.425531 
 16390.2 	 0.425554 
 16400.2 	 0.425576 
 16410.2 	 0.425599 
 16420.2 	 0.425622 
 16430.2 	 0.425645 
 16440.2 	 0.425667 
 16450.2 	 0.42569 
 16460.2 	 0.425713 
 16470.2 	 0.425736 
 16480.2 	 0.425758 
 16490.2 	 0.425781 
 16500.2 	 0.425804 
 16510.2 	 0.425826 
 16520.2 	 0.425849 
 16530.2 	 0.425872 
 16540.2 	 0.425894 
 16550.2 	 0.425917 
 16560.2 	 0.42594 
 16570.2 	 0.425962 
 16580.2 	 0.425985 
 16590.2 	 0.426007 
 16600.2 	 0.42603 
 16610.2 	 0.426053 
 16620.2 	 0.426075 
 16630.2 	 0.426098 
 16640.2 	 0.42612 
 16650.2 	 0.426143 
 16660.2 	 0.426165 
 16670.2 	 0.426188 
 16680.2 	 0.42621 
 16690.2 	 0.426233 
 16700.2 	 0.426255 
 16710.2 	 0.426278 
 16720.2 	 0.4263 
 16730.2 	 0.426323 
 16740.2 	 0.426345 
 16750.2 	 0.426368 
 16760.2 	 0.42639 
 16770.2 	 0.426413 
 16780.2 	 0.426435 
 16790.2 	 0.426458 
 16800.2 	 0.42648 
 16810.2 	 0.426502 
 16820.2 	 0.426525 
 16830.2 	 0.426547 
 16840.2 	 0.42657 
 16850.2 	 0.426592 
 16860.2 	 0.426614 
 16870.2 	 0.426637 
 16880.2 	 0.426659 
 16890.2 	 0.426681 
 16900.2 	 0.426704 
 16910.2 	 0.426726 
 16920.2 	 0.426748 
 16930.2 	 0.426771 
 16940.2 	 0.426793 
 16950.2 	 0.426815 
 16960.2 	 0.426837 
 16970.2 	 0.42686 
 16980.2 	 0.426882 
 16990.2 	 0.426904 
 17000.2 	 0.426926 
 17010.2 	 0.426949 
 17020.2 	 0.426971 
 17030.2 	 0.426993 
 17040.2 	 0.427015 
 17050.2 	 0.427037 
 17060.2 	 0.42706 
 17070.2 	 0.427082 
 17080.2 	 0.427104 
 17090.2 	 0.427126 
 17100.2 	 0.427148 
 17110.2 	 0.42717 
 17120.2 	 0.427192 
 17130.2 	 0.427214 
 17140.2 	 0.427236 
 17150.2 	 0.427259 
 17160.2 	 0.427281 
 17170.2 	 0.427303 
 17180.2 	 0.427325 
 17190.2 	 0.427347 
 17200.2 	 0.427369 
 17210.2 	 0.427391 
 17220.2 	 0.427413 
 17230.2 	 0.427435 
 17240.2 	 0.427457 
 17250.2 	 0.427479 
 17260.2 	 0.427501 
 17270.2 	 0.427523 
 17280.2 	 0.427545 
 17290.2 	 0.427567 
 17300.2 	 0.427588 
 17310.2 	 0.42761 
 17320.2 	 0.427632 
 17330.2 	 0.427654 
 17340.2 	 0.427676 
 17350.2 	 0.427698 
 17360.2 	 0.42772 
 17370.2 	 0.427742 
 17380.2 	 0.427763 
 17390.2 	 0.427785 
 17400.2 	 0.427807 
 17410.2 	 0.427829 
 17420.2 	 0.427851 
 17430.2 	 0.427872 
 17440.2 	 0.427894 
 17450.2 	 0.427916 
 17460.2 	 0.427938 
 17470.2 	 0.427959 
 17480.2 	 0.427981 
 17490.2 	 0.428003 
 17500.2 	 0.428024 
 17510.2 	 0.428046 
 17520.2 	 0.428068 
 17530.2 	 0.428089 
 17540.2 	 0.428111 
 17550.2 	 0.428133 
 17560.2 	 0.428154 
 17570.2 	 0.428176 
 17580.2 	 0.428198 
 17590.2 	 0.428219 
 17600.2 	 0.428241 
 17610.2 	 0.428262 
 17620.2 	 0.428284 
 17630.2 	 0.428305 
 17640.2 	 0.428327 
 17650.2 	 0.428348 
 17660.2 	 0.42837 
 17670.2 	 0.428391 
 17680.2 	 0.428413 
 17690.2 	 0.428434 
 17700.2 	 0.428456 
 17710.2 	 0.428477 
 17720.2 	 0.428499 
 17730.2 	 0.42852 
 17740.2 	 0.428542 
 17750.2 	 0.428563 
 17760.2 	 0.428584 
 17770.2 	 0.428606 
 17780.2 	 0.428627 
 17790.2 	 0.428648 
 17800.2 	 0.42867 
 17810.2 	 0.428691 
 17820.2 	 0.428712 
 17830.2 	 0.428734 
 17840.2 	 0.428755 
 17850.2 	 0.428776 
 17860.2 	 0.428797 
 17870.2 	 0.428819 
 17880.2 	 0.42884 
 17890.2 	 0.428861 
 17900.2 	 0.428882 
 17910.2 	 0.428904 
 17920.2 	 0.428925 
 17930.2 	 0.428946 
 17940.2 	 0.428967 
 17950.2 	 0.428988 
 17960.2 	 0.429009 
 17970.2 	 0.42903 
 17980.2 	 0.429052 
 17990.2 	 0.429073 
 18000.2 	 0.429094 
 18010.2 	 0.429115 
 18020.2 	 0.429136 
 18030.2 	 0.429157 
 18040.2 	 0.429178 
 18050.2 	 0.429199 
 18060.2 	 0.42922 
 18070.2 	 0.429241 
 18080.2 	 0.429262 
 18090.2 	 0.429283 
 18100.2 	 0.429304 
 18110.2 	 0.429325 
 18120.2 	 0.429346 
 18130.2 	 0.429366 
 18140.2 	 0.429387 
 18150.2 	 0.429408 
 18160.2 	 0.429429 
 18170.2 	 0.42945 
 18180.2 	 0.429471 
 18190.2 	 0.429492 
 18200.2 	 0.429512 
 18210.2 	 0.429533 
 18220.2 	 0.429554 
 18230.2 	 0.429575 
 18240.2 	 0.429596 
 18250.2 	 0.429616 
 18260.2 	 0.429637 
 18270.2 	 0.429658 
 18280.2 	 0.429678 
 18290.2 	 0.429699 
 18300.2 	 0.42972 
 18310.2 	 0.42974 
 18320.2 	 0.429761 
 18330.2 	 0.429782 
 18340.2 	 0.429802 
 18350.2 	 0.429823 
 18360.2 	 0.429843 
 18370.2 	 0.429864 
 18380.2 	 0.429885 
 18390.2 	 0.429905 
 18400.2 	 0.429926 
 18410.2 	 0.429946 
 18420.2 	 0.429967 
 18430.2 	 0.429987 
 18440.2 	 0.430008 
 18450.2 	 0.430028 
 18460.2 	 0.430048 
 18470.2 	 0.430069 
 18480.2 	 0.430089 
 18490.2 	 0.43011 
 18500.2 	 0.43013 
 18510.2 	 0.43015 
 18520.2 	 0.430171 
 18530.2 	 0.430191 
 18540.2 	 0.430211 
 18550.2 	 0.430232 
 18560.2 	 0.430252 
 18570.2 	 0.430272 
 18580.2 	 0.430293 
 18590.2 	 0.430313 
 18600.2 	 0.430333 
 18610.2 	 0.430353 
 18620.2 	 0.430373 
 18630.2 	 0.430394 
 18640.2 	 0.430414 
 18650.2 	 0.430434 
 18660.2 	 0.430454 
 18670.2 	 0.430474 
 18680.2 	 0.430494 
 18690.2 	 0.430514 
 18700.2 	 0.430534 
 18710.2 	 0.430554 
 18720.2 	 0.430575 
 18730.2 	 0.430595 
 18740.2 	 0.430615 
 18750.2 	 0.430635 
 18760.2 	 0.430655 
 18770.2 	 0.430675 
 18780.2 	 0.430694 
 18790.2 	 0.430714 
 18800.2 	 0.430734 
 18810.2 	 0.430754 
 18820.2 	 0.430774 
 18830.2 	 0.430794 
 18840.2 	 0.430814 
 18850.2 	 0.430834 
 18860.2 	 0.430854 
 18870.2 	 0.430873 
 18880.2 	 0.430893 
 18890.2 	 0.430913 
 18900.2 	 0.430933 
 18910.2 	 0.430952 
 18920.2 	 0.430972 
 18930.2 	 0.430992 
 18940.2 	 0.431012 
 18950.2 	 0.431031 
 18960.2 	 0.431051 
 18970.2 	 0.43107 
 18980.2 	 0.43109 
 18990.2 	 0.43111 
 19000.2 	 0.431129 
 19010.2 	 0.431149 
 19020.2 	 0.431168 
 19030.2 	 0.431188 
 19040.2 	 0.431208 
 19050.2 	 0.431227 
 19060.2 	 0.431247 
 19070.2 	 0.431266 
 19080.2 	 0.431286 
 19090.2 	 0.431305 
 19100.2 	 0.431324 
 19110.2 	 0.431344 
 19120.2 	 0.431363 
 19130.2 	 0.431383 
 19140.2 	 0.431402 
 19150.2 	 0.431421 
 19160.2 	 0.431441 
 19170.2 	 0.43146 
 19180.2 	 0.431479 
 19190.2 	 0.431499 
 19200.2 	 0.431518 
 19210.2 	 0.431537 
 19220.2 	 0.431556 
 19230.2 	 0.431575 
 19240.2 	 0.431595 
 19250.2 	 0.431614 
 19260.2 	 0.431633 
 19270.2 	 0.431652 
 19280.2 	 0.431671 
 19290.2 	 0.43169 
 19300.2 	 0.431709 
 19310.2 	 0.431728 
 19320.2 	 0.431748 
 19330.2 	 0.431767 
 19340.2 	 0.431786 
 19350.2 	 0.431805 
 19360.2 	 0.431824 
 19370.2 	 0.431843 
 19380.2 	 0.431861 
 19390.2 	 0.43188 
 19400.2 	 0.431899 
 19410.2 	 0.431918 
 19420.2 	 0.431937 
 19430.2 	 0.431956 
 19440.2 	 0.431975 
 19450.2 	 0.431994 
 19460.2 	 0.432012 
 19470.2 	 0.432031 
 19480.2 	 0.43205 
 19490.2 	 0.432069 
 19500.2 	 0.432087 
 19510.2 	 0.432106 
 19520.2 	 0.432125 
 19530.2 	 0.432144 
 19540.2 	 0.432162 
 19550.2 	 0.432181 
 19560.2 	 0.432199 
 19570.2 	 0.432218 
 19580.2 	 0.432237 
 19590.2 	 0.432255 
 19600.2 	 0.432274 
 19610.2 	 0.432292 
 19620.2 	 0.432311 
 19630.2 	 0.432329 
 19640.2 	 0.432348 
 19650.2 	 0.432366 
 19660.2 	 0.432385 
 19670.2 	 0.432403 
 19680.2 	 0.432422 
 19690.2 	 0.43244 
 19700.2 	 0.432458 
 19710.2 	 0.432477 
 19720.2 	 0.432495 
 19730.2 	 0.432513 
 19740.2 	 0.432532 
 19750.2 	 0.43255 
 19760.2 	 0.432568 
 19770.2 	 0.432586 
 19780.2 	 0.432605 
 19790.2 	 0.432623 
 19800.2 	 0.432641 
 19810.2 	 0.432659 
 19820.2 	 0.432677 
 19830.2 	 0.432695 
 19840.2 	 0.432713 
 19850.2 	 0.432731 
 19860.2 	 0.43275 
 19870.2 	 0.432768 
 19880.2 	 0.432786 
 19890.2 	 0.432804 
 19900.2 	 0.432822 
 19910.2 	 0.43284 
 19920.2 	 0.432858 
 19930.2 	 0.432875 
 19940.2 	 0.432893 
 19950.2 	 0.432911 
 19960.2