 # Re 	 CD 
 7.99 	 0 
 8 	 2.5116e-006 
 8.01 	 4.6368e-006 
 8.02 	 6.5412e-006 
 8.03 	 8.3904e-006 
 8.04 	 1.035e-005 
 8.05 	 1.25856e-005 
 8.06 	 1.52628e-005 
 8.07 	 1.85472e-005 
 8.08 	 2.26044e-005 
 8.09 	 2.76e-005 
 8.1 	 0.000891018 
 8.11 	 0.00328302 
 8.12 	 0.00692279 
 8.13 	 0.0115295 
 8.14 	 0.0168224 
 8.15 	 0.0225205 
 8.16 	 0.0283432 
 8.17 	 0.0340095 
 8.18 	 0.0392387 
 8.19 	 0.04375 
 8.2 	 0.0477122 
 8.21 	 0.0514865 
 8.22 	 0.0550808 
 8.23 	 0.058503 
 8.24 	 0.0617608 
 8.25 	 0.0648621 
 8.26 	 0.0678146 
 8.27 	 0.0706263 
 8.28 	 0.0733049 
 8.29 	 0.0758582 
 8.3 	 0.078294 
 8.31 	 0.0806202 
 8.32 	 0.0828446 
 8.33 	 0.0849751 
 8.34 	 0.0870193 
 8.35 	 0.0889852 
 8.36 	 0.0908806 
 8.37 	 0.0927133 
 8.38 	 0.094491 
 8.39 	 0.0962217 
 8.4 	 0.0979132 
 8.41 	 0.0995732 
 8.42 	 0.10121 
 8.43 	 0.10283 
 8.44 	 0.104443 
 8.45 	 0.106055 
 8.46 	 0.107675 
 8.47 	 0.109311 
 8.48 	 0.11097 
 8.49 	 0.11266 
 8.5 	 0.114389 
 8.51 	 0.116164 
 8.52 	 0.117994 
 8.53 	 0.119887 
 8.54 	 0.12185 
 8.55 	 0.123891 
 8.56 	 0.126017 
 8.57 	 0.128238 
 8.58 	 0.130559 
 8.59 	 0.132991 
 8.6 	 0.135539 
 8.61 	 0.138212 
 8.62 	 0.141018 
 8.63 	 0.143964 
 8.64 	 0.147059 
 8.65 	 0.150311 
 8.66 	 0.153726 
 8.67 	 0.157313 
 8.68 	 0.161079 
 8.69 	 0.165034 
 8.7 	 0.169183 
 8.71 	 0.173503 
 8.72 	 0.17796 
 8.73 	 0.18255 
 8.74 	 0.187269 
 8.75 	 0.192112 
 8.76 	 0.197076 
 8.77 	 0.202155 
 8.78 	 0.207346 
 8.79 	 0.212644 
 8.8 	 0.218046 
 8.81 	 0.223546 
 8.82 	 0.22914 
 8.83 	 0.234825 
 8.84 	 0.240596 
 8.85 	 0.246448 
 8.86 	 0.252378 
 8.87 	 0.25838 
 8.88 	 0.264452 
 8.89 	 0.270588 
 8.9 	 0.276784 
 8.91 	 0.283036 
 8.92 	 0.28934 
 8.93 	 0.295691 
 8.94 	 0.302085 
 8.95 	 0.308518 
 8.96 	 0.314986 
 8.97 	 0.321484 
 8.98 	 0.328007 
 8.99 	 0.334553 
 9 	 0.341116 
 9.01 	 0.347692 
 9.02 	 0.354276 
 9.03 	 0.360866 
 9.04 	 0.367455 
 9.05 	 0.374041 
 9.06 	 0.380618 
 9.07 	 0.387182 
 9.08 	 0.39373 
 9.09 	 0.400257 
 9.1 	 0.406758 
 9.11 	 0.413229 
 9.12 	 0.419667 
 9.13 	 0.426066 
 9.14 	 0.432422 
 9.15 	 0.438732 
 9.16 	 0.444991 
 9.17 	 0.451194 
 9.18 	 0.457337 
 9.19 	 0.463417 
 9.2 	 0.469428 
 9.21 	 0.475469 
 9.22 	 0.481637 
 9.23 	 0.487927 
 9.24 	 0.494335 
 9.25 	 0.500854 
 9.26 	 0.507481 
 9.27 	 0.51421 
 9.28 	 0.521036 
 9.29 	 0.527954 
 9.3 	 0.534959 
 9.31 	 0.542047 
 9.32 	 0.549212 
 9.33 	 0.556448 
 9.34 	 0.563752 
 9.35 	 0.571119 
 9.36 	 0.578542 
 9.37 	 0.586017 
 9.38 	 0.59354 
 9.39 	 0.601105 
 9.4 	 0.608707 
 9.41 	 0.616341 
 9.42 	 0.624002 
 9.43 	 0.631686 
 9.44 	 0.639387 
 9.45 	 0.647099 
 9.46 	 0.654819 
 9.47 	 0.662541 
 9.48 	 0.670261 
 9.49 	 0.677972 
 9.5 	 0.685671 
 9.51 	 0.693352 
 9.52 	 0.70101 
 9.53 	 0.70864 
 9.54 	 0.716237 
 9.55 	 0.723796 
 9.56 	 0.731313 
 9.57 	 0.738782 
 9.58 	 0.746198 
 9.59 	 0.753556 
 9.6 	 0.760851 
 9.61 	 0.768079 
 9.62 	 0.775233 
 9.63 	 0.78231 
 9.64 	 0.789304 
 9.65 	 0.79621 
 9.66 	 0.803023 
 9.67 	 0.809739 
 9.68 	 0.816351 
 9.69 	 0.822856 
 9.7 	 0.829248 
 9.71 	 0.835522 
 9.72 	 0.841673 
 9.73 	 0.847697 
 9.74 	 0.853587 
 9.75 	 0.85934 
 9.76 	 0.86495 
 9.77 	 0.870412 
 9.78 	 0.875722 
 9.79 	 0.880873 
 9.8 	 0.885862 
 9.81 	 0.890683 
 9.82 	 0.89533 
 9.83 	 0.899801 
 9.84 	 0.904088 
 9.85 	 0.908187 
 9.86 	 0.912094 
 9.87 	 0.915803 
 9.88 	 0.919309 
 9.89 	 0.922607 
 9.9 	 0.925692 
 9.91 	 0.92856 
 9.92 	 0.931204 
 9.93 	 0.933621 
 9.94 	 0.935805 
 9.95 	 0.937752 
 9.96 	 0.939455 
 9.97 	 0.94091 
 9.98 	 0.942113 
 9.99 	 0.943058 
 10 	 0.94374 
 10.01 	 0.944288 
 10.02 	 0.944832 
 10.03 	 0.945374 
 10.04 	 0.945913 
 10.05 	 0.946449 
 10.06 	 0.946983 
 10.07 	 0.947513 
 10.08 	 0.948041 
 10.09 	 0.948566 
 10.1 	 0.949088 
 10.11 	 0.949608 
 10.12 	 0.950124 
 10.13 	 0.950638 
 10.14 	 0.951149 
 10.15 	 0.951657 
 10.16 	 0.952162 
 10.17 	 0.952664 
 10.18 	 0.953164 
 10.19 	 0.953661 
 10.2 	 0.954155 
 10.21 	 0.954646 
 10.22 	 0.955134 
 10.23 	 0.95562 
 10.24 	 0.956103 
 10.25 	 0.956583 
 10.26 	 0.95706 
 10.27 	 0.957534 
 10.28 	 0.958006 
 10.29 	 0.958475 
 10.3 	 0.958941 
 10.31 	 0.959404 
 10.32 	 0.959865 
 10.33 	 0.960322 
 10.34 	 0.960777 
 10.35 	 0.961229 
 10.36 	 0.961678 
 10.37 	 0.962125 
 10.38 	 0.962569 
 10.39 	 0.96301 
 10.4 	 0.963448 
 10.41 	 0.963883 
 10.42 	 0.964316 
 10.43 	 0.964746 
 10.44 	 0.965173 
 10.45 	 0.965597 
 10.46 	 0.966018 
 10.47 	 0.966437 
 10.48 	 0.966853 
 10.49 	 0.967266 
 10.5 	 0.967677 
 10.51 	 0.968084 
 10.52 	 0.968489 
 10.53 	 0.968892 
 10.54 	 0.969291 
 10.55 	 0.969687 
 10.56 	 0.970081 
 10.57 	 0.970472 
 10.58 	 0.970861 
 10.59 	 0.971246 
 10.6 	 0.971629 
 10.61 	 0.972009 
 10.62 	 0.972387 
 10.63 	 0.972761 
 10.64 	 0.973133 
 10.65 	 0.973502 
 10.66 	 0.973868 
 10.67 	 0.974232 
 10.68 	 0.974593 
 10.69 	 0.974951 
 10.7 	 0.975306 
 10.71 	 0.975659 
 10.72 	 0.976009 
 10.73 	 0.976356 
 10.74 	 0.9767 
 10.75 	 0.977042 
 10.76 	 0.977381 
 10.77 	 0.977717 
 10.78 	 0.97805 
 10.79 	 0.978381 
 10.8 	 0.978709 
 10.81 	 0.979034 
 10.82 	 0.979357 
 10.83 	 0.979677 
 10.84 	 0.979994 
 10.85 	 0.980308 
 10.86 	 0.98062 
 10.87 	 0.980929 
 10.88 	 0.981235 
 10.89 	 0.981539 
 10.9 	 0.981839 
 10.91 	 0.982138 
 10.92 	 0.982433 
 10.93 	 0.982726 
 10.94 	 0.983015 
 10.95 	 0.983303 
 10.96 	 0.983587 
 10.97 	 0.983869 
 10.98 	 0.984148 
 10.99 	 0.984424 
 11 	 0.984698 
 11.01 	 0.984969 
 11.02 	 0.985237 
 11.03 	 0.985503 
 11.04 	 0.985766 
 11.05 	 0.986026 
 11.06 	 0.986284 
 11.07 	 0.986538 
 11.08 	 0.986791 
 11.09 	 0.98704 
 11.1 	 0.987287 
 11.11 	 0.987531 
 11.12 	 0.987772 
 11.13 	 0.988011 
 11.14 	 0.988247 
 11.15 	 0.98848 
 11.16 	 0.988711 
 11.17 	 0.988939 
 11.18 	 0.989164 
 11.19 	 0.989386 
 11.2 	 0.989606 
 11.21 	 0.989824 
 11.22 	 0.990038 
 11.23 	 0.99025 
 11.24 	 0.990459 
 11.25 	 0.990666 
 11.26 	 0.99087 
 11.27 	 0.991071 
 11.28 	 0.991269 
 11.29 	 0.991465 
 11.3 	 0.991658 
 11.31 	 0.991849 
 11.32 	 0.992037 
 11.33 	 0.992222 
 11.34 	 0.992404 
 11.35 	 0.992584 
 11.36 	 0.992762 
 11.37 	 0.992936 
 11.38 	 0.993108 
 11.39 	 0.993277 
 11.4 	 0.993444 
 11.41 	 0.993608 
 11.42 	 0.993769 
 11.43 	 0.993928 
 11.44 	 0.994084 
 11.45 	 0.994237 
 11.46 	 0.994388 
 11.47 	 0.994536 
 11.48 	 0.994681 
 11.49 	 0.994824 
 11.5 	 0.994964 
 11.51 	 0.995102 
 11.52 	 0.995237 
 11.53 	 0.995369 
 11.54 	 0.995499 
 11.55 	 0.995626 
 11.56 	 0.99575 
 11.57 	 0.995872 
 11.58 	 0.995991 
 11.59 	 0.996107 
 11.6 	 0.996221 
 11.61 	 0.996332 
 11.62 	 0.996441 
 11.63 	 0.996547 
 11.64 	 0.99665 
 11.65 	 0.996751 
 11.66 	 0.996849 
 11.67 	 0.996945 
 11.68 	 0.997038 
 11.69 	 0.997128 
 11.7 	 0.997215 
 11.71 	 0.9973 
 11.72 	 0.997383 
 11.73 	 0.997463 
 11.74 	 0.99754 
 11.75 	 0.997615 
 11.76 	 0.997687 
 11.77 	 0.997756 
 11.78 	 0.997823 
 11.79 	 0.997887 
 11.8 	 0.997948 
 11.81 	 0.998007 
 11.82 	 0.998064 
 11.83 	 0.998118 
 11.84 	 0.998169 
 11.85 	 0.998217 
 11.86 	 0.998263 
 11.87 	 0.998307 
 11.88 	 0.998348 
 11.89 	 0.998386 
 11.9 	 0.998422 
 11.91 	 0.998455 
 11.92 	 0.998485 
 11.93 	 0.998513 
 11.94 	 0.998538 
 11.95 	 0.998561 
 11.96 	 0.998581 
 11.97 	 0.998599 
 11.98 	 0.998614 
 11.99 	 0.998626 
 12 	 0.998636 
 12.01 	 0.998645 
 12.02 	 0.998653 
 12.03 	 0.998662 
 12.04 	 0.99867 
 12.05 	 0.998678 
 12.06 	 0.998687 
 12.07 	 0.998695 
 12.08 	 0.998703 
 12.09 	 0.998712 
 12.1 	 0.99872 
 12.11 	 0.998728 
 12.12 	 0.998736 
 12.13 	 0.998745 
 12.14 	 0.998753 
 12.15 	 0.998761 
 12.16 	 0.998769 
 12.17 	 0.998777 
 12.18 	 0.998785 
 12.19 	 0.998793 
 12.2 	 0.998801 
 12.21 	 0.998809 
 12.22 	 0.998817 
 12.23 	 0.998825 
 12.24 	 0.998833 
 12.25 	 0.99884 
 12.26 	 0.998848 
 12.27 	 0.998856 
 12.28 	 0.998864 
 12.29 	 0.998871 
 12.3 	 0.998879 
 12.31 	 0.998887 
 12.32 	 0.998894 
 12.33 	 0.998902 
 12.34 	 0.998909 
 12.35 	 0.998917 
 12.36 	 0.998924 
 12.37 	 0.998932 
 12.38 	 0.998939 
 12.39 	 0.998947 
 12.4 	 0.998954 
 12.41 	 0.998961 
 12.42 	 0.998969 
 12.43 	 0.998976 
 12.44 	 0.998983 
 12.45 	 0.99899 
 12.46 	 0.998997 
 12.47 	 0.999005 
 12.48 	 0.999012 
 12.49 	 0.999019 
 12.5 	 0.999026 
 12.51 	 0.999033 
 12.52 	 0.99904 
 12.53 	 0.999047 
 12.54 	 0.999054 
 12.55 	 0.999061 
 12.56 	 0.999068 
 12.57 	 0.999075 
 12.58 	 0.999081 
 12.59 	 0.999088 
 12.6 	 0.999095 
 12.61 	 0.999102 
 12.62 	 0.999108 
 12.63 	 0.999115 
 12.64 	 0.999122 
 12.65 	 0.999128 
 12.66 	 0.999135 
 12.67 	 0.999142 
 12.68 	 0.999148 
 12.69 	 0.999155 
 12.7 	 0.999161 
 12.71 	 0.999168 
 12.72 	 0.999174 
 12.73 	 0.99918 
 12.74 	 0.999187 
 12.75 	 0.999193 
 12.76 	 0.999199 
 12.77 	 0.999206 
 12.78 	 0.999212 
 12.79 	 0.999218 
 12.8 	 0.999224 
 12.81 	 0.99923 
 12.82 	 0.999237 
 12.83 	 0.999243 
 12.84 	 0.999249 
 12.85 	 0.999255 
 12.86 	 0.999261 
 12.87 	 0.999267 
 12.88 	 0.999273 
 12.89 	 0.999279 
 12.9 	 0.999285 
 12.91 	 0.999291 
 12.92 	 0.999296 
 12.93 	 0.999302 
 12.94 	 0.999308 
 12.95 	 0.999314 
 12.96 	 0.999319 
 12.97 	 0.999325 
 12.98 	 0.999331 
 12.99 	 0.999336 
 13 	 0.999342 
 13.01 	 0.999348 
 13.02 	 0.999353 
 13.03 	 0.999359 
 13.04 	 0.999364 
 13.05 	 0.99937 
 13.06 	 0.999375 
 13.07 	 0.999381 
 13.08 	 0.999386 
 13.09 	 0.999391 
 13.1 	 0.999397 
 13.11 	 0.999402 
 13.12 	 0.999407 
 13.13 	 0.999413 
 13.14 	 0.999418 
 13.15 	 0.999423 
 13.16 	 0.999428 
 13.17 	 0.999433 
 13.18 	 0.999438 
 13.19 	 0.999443 
 13.2 	 0.999448 
 13.21 	 0.999454 
 13.22 	 0.999458 
 13.23 	 0.999463 
 13.24 	 0.999468 
 13.25 	 0.999473 
 13.26 	 0.999478 
 13.27 	 0.999483 
 13.28 	 0.999488 
 13.29 	 0.999493 
 13.3 	 0.999497 
 13.31 	 0.999502 
 13.32 	 0.999507 
 13.33 	 0.999512 
 13.34 	 0.999516 
 13.35 	 0.999521 
 13.36 	 0.999525 
 13.37 	 0.99953 
 13.38 	 0.999535 
 13.39 	 0.999539 
 13.4 	 0.999544 
 13.41 	 0.999548 
 13.42 	 0.999553 
 13.43 	 0.999557 
 13.44 	 0.999561 
 13.45 	 0.999566 
 13.46 	 0.99957 
 13.47 	 0.999574 
 13.48 	 0.999579 
 13.49 	 0.999583 
 13.5 	 0.999587 
 13.51 	 0.999591 
 13.52 	 0.999595 
 13.53 	 0.999599 
 13.54 	 0.999604 
 13.55 	 0.999608 
 13.56 	 0.999612 
 13.57 	 0.999616 
 13.58 	 0.99962 
 13.59 	 0.999624 
 13.6 	 0.999628 
 13.61 	 0.999632 
 13.62 	 0.999635 
 13.63 	 0.999639 
 13.64 	 0.999643 
 13.65 	 0.999647 
 13.66 	 0.999651 
 13.67 	 0.999654 
 13.68 	 0.999658 
 13.69 	 0.999662 
 13.7 	 0.999666 
 13.71 	 0.999669 
 13.72 	 0.999673 
 13.73 	 0.999676 
 13.74 	 0.99968 
 13.75 	 0.999683 
 13.76 	 0.999687 
 13.77 	 0.99969 
 13.78 	 0.999694 
 13.79 	 0.999697 
 13.8 	 0.999701 
 13.81 	 0.999704 
 13.82 	 0.999707 
 13.83 	 0.999711 
 13.84 	 0.999714 
 13.85 	 0.999717 
 13.86 	 0.999721 
 13.87 	 0.999724 
 13.88 	 0.999727 
 13.89 	 0.99973 
 13.9 	 0.999733 
 13.91 	 0.999736 
 13.92 	 0.999739 
 13.93 	 0.999743 
 13.94 	 0.999746 
 13.95 	 0.999749 
 13.96 	 0.999751 
 13.97 	 0.999754 
 13.98 	 0.999757 
 13.99 	 0.99976 
 14 	 0.999763 
 14.01 	 0.999766 
 14.02 	 0.999769 
 14.03 	 0.999772 
 14.04 	 0.999774 
 14.05 	 0.999777 
 14.06 	 0.99978 
 14.07 	 0.999782 
 14.08 	 0.999785 
 14.09 	 0.999788 
 14.1 	 0.99979 
 14.11 	 0.999793 
 14.12 	 0.999795 
 14.13 	 0.999798 
 14.14 	 0.9998 
 14.15 	 0.999803 
 14.16 	 0.999805 
 14.17 	 0.999808 
 14.18 	 0.99981 
 14.19 	 0.999813 
 14.2 	 0.999815 
 14.21 	 0.999817 
 14.22 	 0.999819 
 14.23 	 0.999822 
 14.24 	 0.999824 
 14.25 	 0.999826 
 14.26 	 0.999828 
 14.27 	 0.99983 
 14.28 	 0.999833 
 14.29 	 0.999835 
 14.3 	 0.999837 
 14.31 	 0.999839 
 14.32 	 0.999841 
 14.33 	 0.999843 
 14.34 	 0.999845 
 14.35 	 0.999847 
 14.36 	 0.999849 
 14.37 	 0.999851 
 14.38 	 0.999852 
 14.39 	 0.999854 
 14.4 	 0.999856 
 14.41 	 0.999858 
 14.42 	 0.99986 
 14.43 	 0.999861 
 14.44 	 0.999863 
 14.45 	 0.999865 
 14.46 	 0.999867 
 14.47 	 0.999868 
 14.48 	 0.99987 
 14.49 	 0.999871 
 14.5 	 0.999873 
 14.51 	 0.999874 
 14.52 	 0.999876 
 14.53 	 0.999877 
 14.54 	 0.999879 
 14.55 	 0.99988 
 14.56 	 0.999882 
 14.57 	 0.999883 
 14.58 	 0.999885 
 14.59 	 0.999886 
 14.6 	 0.999887 
 14.61 	 0.999888 
 14.62 	 0.99989 
 14.63 	 0.999891 
 14.64 	 0.999892 
 14.65 	 0.999893 
 14.66 	 0.999895 
 14.67 	 0.999896 
 14.68 	 0.999897 
 14.69 	 0.999898 
 14.7 	 0.999899 
 14.71 	 0.9999 
 14.72 	 0.999901 
 14.73 	 0.999902 
 14.74 	 0.999903 
 14.75 	 0.999904 
 14.76 	 0.999905 
 14.77 	 0.999906 
 14.78 	 0.999906 
 14.79 	 0.999907 
 14.8 	 0.999908 
 14.81 	 0.999909 
 14.82 	 0.99991 
 14.83 	 0.99991 
 14.84 	 0.999911 
 14.85 	 0.999912 
 14.86 	 0.999912 
 14.87 	 0.999913 
 14.88 	 0.999914 
 14.89 	 0.999914 
 14.9 	 0.999915 
 14.91 	 0.999915 
 14.92 	 0.999916 
 14.93 	 0.999916 
 14.94 	 0.999917 
 14.95 	 0.999917 
 14.96 	 0.999918 
 14.97 	 0.999918 
 14.98 	 0.999918 
 14.99 	 0.999919 
 15 	 0.999919 
 15.01 	 0.999919 
 15.02 	 0.99992 
 15.03 	 0.99992 
 15.04 	 0.99992 
 15.05 	 0.99992 
 15.06 	 0.999921 
 15.07 	 0.999921 
 15.08 	 0.999921 
 15.09 	 0.999922 
 15.1 	 0.999922 
 15.11 	 0.999922 
 15.12 	 0.999923 
 15.13 	 0.999923 
 15.14 	 0.999923 
 15.15 	 0.999923 
 15.16 	 0.999924 
 15.17 	 0.999924 
 15.18 	 0.999924 
 15.19 	 0.999924 
 15.2 	 0.999925 
 15.21 	 0.999925 
 15.22 	 0.999925 
 15.23 	 0.999926 
 15.24 	 0.999926 
 15.25 	 0.999926 
 15.26 	 0.999926 
 15.27 	 0.999927 
 15.28 	 0.999927 
 15.29 	 0.999927 
 15.3 	 0.999927 
 15.31 	 0.999928 
 15.32 	 0.999928 
 15.33 	 0.999928 
 15.34 	 0.999929 
 15.35 	 0.999929 
 15.36 	 0.999929 
 15.37 	 0.999929 
 15.38 	 0.99993 
 15.39 	 0.99993 
 15.4 	 0.99993 
 15.41 	 0.99993 
 15.42 	 0.999931 
 15.43 	 0.999931 
 15.44 	 0.999931 
 15.45 	 0.999931 
 15.46 	 0.999932 
 15.47 	 0.999932 
 15.48 	 0.999932 
 15.49 	 0.999932 
 15.5 	 0.999933 
 15.51 	 0.999933 
 15.52 	 0.999933 
 15.53 	 0.999933 
 15.54 	 0.999934 
 15.55 	 0.999934 
 15.56 	 0.999934 
 15.57 	 0.999934 
 15.58 	 0.999934 
 15.59 	 0.999935 
 15.6 	 0.999935 
 15.61 	 0.999935 
 15.62 	 0.999935 
 15.63 	 0.999936 
 15.64 	 0.999936 
 15.65 	 0.999936 
 15.66 	 0.999936 
 15.67 	 0.999937 
 15.68 	 0.999937 
 15.69 	 0.999937 
 15.7 	 0.999937 
 15.71 	 0.999937 
 15.72 	 0.999938 
 15.73 	 0.999938 
 15.74 	 0.999938 
 15.75 	 0.999938 
 15.76 	 0.999939 
 15.77 	 0.999939 
 15.78 	 0.999939 
 15.79 	 0.999939 
 15.8 	 0.999939 
 15.81 	 0.99994 
 15.82 	 0.99994 
 15.83 	 0.99994 
 15.84 	 0.99994 
 15.85 	 0.999941 
 15.86 	 0.999941 
 15.87 	 0.999941 
 15.88 	 0.999941 
 15.89 	 0.999941 
 15.9 	 0.999942 
 15.91 	 0.999942 
 15.92 	 0.999942 
 15.93 	 0.999942 
 15.94 	 0.999942 
 15.95 	 0.999943 
 15.96 	 0.999943 
 15.97 	 0.999943 
 15.98 	 0.999943 
 15.99 	 0.999943 
 16 	 0.999944 
 16.01 	 0.999944 
 16.02 	 0.999944 
 16.03 	 0.999944 
 16.04 	 0.999944 
 16.05 	 0.999945 
 16.06 	 0.999945 
 16.07 	 0.999945 
 16.08 	 0.999945 
 16.09 	 0.999945 
 16.1 	 0.999946 
 16.11 	 0.999946 
 16.12 	 0.999946 
 16.13 	 0.999946 
 16.14 	 0.999946 
 16.15 	 0.999946 
 16.16 	 0.999947 
 16.17 	 0.999947 
 16.18 	 0.999947 
 16.19 	 0.999947 
 16.2 	 0.999947 
 16.21 	 0.999948 
 16.22 	 0.999948 
 16.23 	 0.999948 
 16.24 	 0.999948 
 16.25 	 0.999948 
 16.26 	 0.999948 
 16.27 	 0.999949 
 16.28 	 0.999949 
 16.29 	 0.999949 
 16.3 	 0.999949 
 16.31 	 0.999949 
 16.32 	 0.99995 
 16.33 	 0.99995 
 16.34 	 0.99995 
 16.35 	 0.99995 
 16.36 	 0.99995 
 16.37 	 0.99995 
 16.38 	 0.999951 
 16.39 	 0.999951 
 16.4 	 0.999951 
 16.41 	 0.999951 
 16.42 	 0.999951 
 16.43 	 0.999951 
 16.44 	 0.999952 
 16.45 	 0.999952 
 16.46 	 0.999952 
 16.47 	 0.999952 
 16.48 	 0.999952 
 16.49 	 0.999952 
 16.5 	 0.999953 
 16.51 	 0.999953 
 16.52 	 0.999953 
 16.53 	 0.999953 
 16.54 	 0.999953 
 16.55 	 0.999953 
 16.56 	 0.999953 
 16.57 	 0.999954 
 16.58 	 0.999954 
 16.59 	 0.999954 
 16.6 	 0.999954 
 16.61 	 0.999954 
 16.62 	 0.999954 
 16.63 	 0.999955 
 16.64 	 0.999955 
 16.65 	 0.999955 
 16.66 	 0.999955 
 16.67 	 0.999955 
 16.68 	 0.999955 
 16.69 	 0.999955 
 16.7 	 0.999956 
 16.71 	 0.999956 
 16.72 	 0.999956 
 16.73 	 0.999956 
 16.74 	 0.999956 
 16.75 	 0.999956 
 16.76 	 0.999956 
 16.77 	 0.999957 
 16.78 	 0.999957 
 16.79 	 0.999957 
 16.8 	 0.999957 
 16.81 	 0.999957 
 16.82 	 0.999957 
 16.83 	 0.999957 
 16.84 	 0.999958 
 16.85 	 0.999958 
 16.86 	 0.999958 
 16.87 	 0.999958 
 16.88 	 0.999958 
 16.89 	 0.999958 
 16.9 	 0.999958 
 16.91 	 0.999959 
 16.92 	 0.999959 
 16.93 	 0.999959 
 16.94 	 0.999959 
 16.95 	 0.999959 
 16.96 	 0.999959 
 16.97 	 0.999959 
 16.98 	 0.99996 
 16.99 	 0.99996 
 17 	 0.99996 
 17.01 	 0.99996 
 17.02 	 0.99996 
 17.03 	 0.99996 
 17.04 	 0.99996 
 17.05 	 0.99996 
 17.06 	 0.999961 
 17.07 	 0.999961 
 17.08 	 0.999961 
 17.09 	 0.999961 
 17.1 	 0.999961 
 17.11 	 0.999961 
 17.12 	 0.999961 
 17.13 	 0.999961 
 17.14 	 0.999962 
 17.15 	 0.999962 
 17.16 	 0.999962 
 17.17 	 0.999962 
 17.18 	 0.999962 
 17.19 	 0.999962 
 17.2 	 0.999962 
 17.21 	 0.999962 
 17.22 	 0.999963 
 17.23 	 0.999963 
 17.24 	 0.999963 
 17.25 	 0.999963 
 17.26 	 0.999963 
 17.27 	 0.999963 
 17.28 	 0.999963 
 17.29 	 0.999963 
 17.3 	 0.999964 
 17.31 	 0.999964 
 17.32 	 0.999964 
 17.33 	 0.999964 
 17.34 	 0.999964 
 17.35 	 0.999964 
 17.36 	 0.999964 
 17.37 	 0.999964 
 17.38 	 0.999965 
 17.39 	 0.999965 
 17.4 	 0.999965 
 17.41 	 0.999965 
 17.42 	 0.999965 
 17.43 	 0.999965 
 17.44 	 0.999965 
 17.45 	 0.999965 
 17.46 	 0.999965 
 17.47 	 0.999966 
 17.48 	 0.999966 
 17.49 	 0.999966 
 17.5 	 0.999966 
 17.51 	 0.999966 
 17.52 	 0.999966 
 17.53 	 0.999966 
 17.54 	 0.999966 
 17.55 	 0.999966 
 17.56 	 0.999967 
 17.57 	 0.999967 
 17.58 	 0.999967 
 17.59 	 0.999967 
 17.6 	 0.999967 
 17.61 	 0.999967 
 17.62 	 0.999967 
 17.63 	 0.999967 
 17.64 	 0.999967 
 17.65 	 0.999968 
 17.66 	 0.999968 
 17.67 	 0.999968 
 17.68 	 0.999968 
 17.69 	 0.999968 
 17.7 	 0.999968 
 17.71 	 0.999968 
 17.72 	 0.999968 
 17.73 	 0.999968 
 17.74 	 0.999968 
 17.75 	 0.999969 
 17.76 	 0.999969 
 17.77 	 0.999969 
 17.78 	 0.999969 
 17.79 	 0.999969 
 17.8 	 0.999969 
 17.81 	 0.999969 
 17.82 	 0.999969 
 17.83 	 0.999969 
 17.84 	 0.99997 
 17.85 	 0.99997 
 17.86 	 0.99997 
 17.87 	 0.99997 
 17.88 	 0.99997 
 17.89 	 0.99997 
 17.9 	 0.99997 
 17.91 	 0.99997 
 17.92 	 0.99997 
 17.93 	 0.99997 
 17.94 	 0.999971 
 17.95 	 0.999971 
 17.96 	 0.999971 
 17.97 	 0.999971 
 17.98 	 0.999971 
 17.99 	 0.999971 
 18 	 0.999971 
 18.01 	 0.999971 
 18.02 	 0.999971 
 18.03 	 0.999972 
 18.04 	 0.999972 
 18.05 	 0.999972 
 18.06 	 0.999972 
 18.07 	 0.999972 
 18.08 	 0.999972 
 18.09 	 0.999972 
 18.1 	 0.999972 
 18.11 	 0.999972 
 18.12 	 0.999972 
 18.13 	 0.999973 
 18.14 	 0.999973 
 18.15 	 0.999973 
 18.16 	 0.999973 
 18.17 	 0.999973 
 18.18 	 0.999973 
 18.19 	 0.999973 
 18.2 	 0.999973 
 18.21 	 0.999973 
 18.22 	 0.999973 
 18.23 	 0.999974 
 18.24 	 0.999974 
 18.25 	 0.999974 
 18.26 	 0.999974 
 18.27 	 0.999974 
 18.28 	 0.999974 
 18.29 	 0.999974 
 18.3 	 0.999974 
 18.31 	 0.999974 
 18.32 	 0.999974 
 18.33 	 0.999975 
 18.34 	 0.999975 
 18.35 	 0.999975 
 18.36 	 0.999975 
 18.37 	 0.999975 
 18.38 	 0.999975 
 18.39 	 0.999975 
 18.4 	 0.999975 
 18.41 	 0.999975 
 18.42 	 0.999975 
 18.43 	 0.999976 
 18.44 	 0.999976 
 18.45 	 0.999976 
 18.46 	 0.999976 
 18.47 	 0.999976 
 18.48 	 0.999976 
 18.49 	 0.999976 
 18.5 	 0.999976 
 18.51 	 0.999976 
 18.52 	 0.999976 
 18.53 	 0.999977 
 18.54 	 0.999977 
 18.55 	 0.999977 
 18.56 	 0.999977 
 18.57 	 0.999977 
 18.58 	 0.999977 
 18.59 	 0.999977 
 18.6 	 0.999977 
 18.61 	 0.999977 
 18.62 	 0.999977 
 18.63 	 0.999978 
 18.64 	 0.999978 
 18.65 	 0.999978 
 18.66 	 0.999978 
 18.67 	 0.999978 
 18.68 	 0.999978 
 18.69 	 0.999978 
 18.7 	 0.999978 
 18.71 	 0.999978 
 18.72 	 0.999978 
 18.73 	 0.999979 
 18.74 	 0.999979 
 18.75 	 0.999979 
 18.76 	 0.999979 
 18.77 	 0.999979 
 18.78 	 0.999979 
 18.79 	 0.999979 
 18.8 	 0.999979 
 18.81 	 0.999979 
 18.82 	 0.999979 
 18.83 	 0.99998 
 18.84 	 0.99998 
 18.85 	 0.99998 
 18.86 	 0.99998 
 18.87 	 0.99998 
 18.88 	 0.99998 
 18.89 	 0.99998 
 18.9 	 0.99998 
 18.91 	 0.99998 
 18.92 	 0.999981 
 18.93 	 0.999981 
 18.94 	 0.999981 
 18.95 	 0.999981 
 18.96 	 0.999981 
 18.97 	 0.999981 
 18.98 	 0.999981 
 18.99 	 0.999981 
 19 	 0.999981 
 19.01 	 0.999982 
 19.02 	 0.999982 
 19.03 	 0.999982 
 19.04 	 0.999982 
 19.05 	 0.999982 
 19.06 	 0.999982 
 19.07 	 0.999982 
 19.08 	 0.999982 
 19.09 	 0.999982 
 19.1 	 0.999982 
 19.11 	 0.999983 
 19.12 	 0.999983 
 19.13 	 0.999983 
 19.14 	 0.999983 
 19.15 	 0.999983 
 19.16 	 0.999983 
 19.17 	 0.999983 
 19.18 	 0.999983 
 19.19 	 0.999983 
 19.2 	 0.999984 
 19.21 	 0.999984 
 19.22 	 0.999984 
 19.23 	 0.999984 
 19.24 	 0.999984 
 19.25 	 0.999984 
 19.26 	 0.999984 
 19.27 	 0.999984 
 19.28 	 0.999985 
 19.29 	 0.999985 
 19.3 	 0.999985 
 19.31 	 0.999985 
 19.32 	 0.999985 
 19.33 	 0.999985 
 19.34 	 0.999985 
 19.35 	 0.999985 
 19.36 	 0.999985 
 19.37 	 0.999986 
 19.38 	 0.999986 
 19.39 	 0.999986 
 19.4 	 0.999986 
 19.41 	 0.999986 
 19.42 	 0.999986 
 19.43 	 0.999986 
 19.44 	 0.999986 
 19.45 	 0.999987 
 19.46 	 0.999987 
 19.47 	 0.999987 
 19.48 	 0.999987 
 19.49 	 0.999987 
 19.5 	 0.999987 
 19.51 	 0.999987 
 19.52 	 0.999987 
 19.53 	 0.999988 
 19.54 	 0.999988 
 19.55 	 0.999988 
 19.56 	 0.999988 
 19.57 	 0.999988 
 19.58 	 0.999988 
 19.59 	 0.999988 
 19.6 	 0.999988 
 19.61 	 0.999989 
 19.62 	 0.999989 
 19.63 	 0.999989 
 19.64 	 0.999989 
 19.65 	 0.999989 
 19.66 	 0.999989 
 19.67 	 0.999989 
 19.68 	 0.999989 
 19.69 	 0.99999 
 19.7 	 0.99999 
 19.71 	 0.99999 
 19.72 	 0.99999 
 19.73 	 0.99999 
 19.74 	 0.99999 
 19.75 	 0.99999 
 19.76 	 0.999991 
 19.77 	 0.999991 
 19.78 	 0.999991 
 19.79 	 0.999991 
 19.8 	 0.999991 
 19.81 	 0.999991 
 19.82 	 0.999991 
 19.83 	 0.999992 
 19.84 	 0.999992 
 19.85 	 0.999992 
 19.86 	 0.999992 
 19.87 	 0.999992 
 19.88 	 0.999992 
 19.89 	 0.999992 
 19.9 	 0.999993 
 19.91 	 0.999993 
 19.92 	 0.999993 
 19.93 	 0.999993 
 19.94 	 0.999993 
 19.95 	 0.999993 
 19.96 	 0.999993 
 19.97 	 0.999994 
 19.98 	 0.999994 
 19.99 	 0.999994 
 