 # Re 	 CD 
 7.99 	 0 
 8 	 -0.00116991 
 8.01 	 -0.00226875 
 8.02 	 -0.00322545 
 8.03 	 -0.00396893 
 8.04 	 -0.00442814 
 8.05 	 -0.00453198 
 8.06 	 -0.0042094 
 8.07 	 -0.00338933 
 8.08 	 -0.00200068 
 8.09 	 2.76e-005 
 8.1 	 0.00273922 
 8.11 	 0.00606836 
 8.12 	 0.00992183 
 8.13 	 0.0142065 
 8.14 	 0.0188291 
 8.15 	 0.0236964 
 8.16 	 0.0287154 
 8.17 	 0.0337928 
 8.18 	 0.0388354 
 8.19 	 0.04375 
 8.2 	 0.0484603 
 8.21 	 0.052957 
 8.22 	 0.0572476 
 8.23 	 0.0613398 
 8.24 	 0.0652411 
 8.25 	 0.0689591 
 8.26 	 0.0725014 
 8.27 	 0.0758754 
 8.28 	 0.0790888 
 8.29 	 0.0821491 
 8.3 	 0.0850639 
 8.31 	 0.0878408 
 8.32 	 0.0904873 
 8.33 	 0.093011 
 8.34 	 0.0954194 
 8.35 	 0.0977202 
 8.36 	 0.0999208 
 8.37 	 0.102029 
 8.38 	 0.104052 
 8.39 	 0.105998 
 8.4 	 0.107873 
 8.41 	 0.109687 
 8.42 	 0.111446 
 8.43 	 0.113157 
 8.44 	 0.114829 
 8.45 	 0.116469 
 8.46 	 0.118085 
 8.47 	 0.119683 
 8.48 	 0.121273 
 8.49 	 0.12286 
 8.5 	 0.124453 
 8.51 	 0.12606 
 8.52 	 0.127688 
 8.53 	 0.129344 
 8.54 	 0.131036 
 8.55 	 0.132771 
 8.56 	 0.134558 
 8.57 	 0.136404 
 8.58 	 0.138316 
 8.59 	 0.140301 
 8.6 	 0.142368 
 8.61 	 0.144525 
 8.62 	 0.146777 
 8.63 	 0.149134 
 8.64 	 0.151603 
 8.65 	 0.154191 
 8.66 	 0.156905 
 8.67 	 0.159754 
 8.68 	 0.162745 
 8.69 	 0.165885 
 8.7 	 0.169183 
 8.71 	 0.172643 
 8.72 	 0.176265 
 8.73 	 0.180044 
 8.74 	 0.183976 
 8.75 	 0.188059 
 8.76 	 0.192289 
 8.77 	 0.196662 
 8.78 	 0.201175 
 8.79 	 0.205824 
 8.8 	 0.210605 
 8.81 	 0.215515 
 8.82 	 0.22055 
 8.83 	 0.225708 
 8.84 	 0.230983 
 8.85 	 0.236373 
 8.86 	 0.241874 
 8.87 	 0.247482 
 8.88 	 0.253194 
 8.89 	 0.259007 
 8.9 	 0.264916 
 8.91 	 0.270918 
 8.92 	 0.27701 
 8.93 	 0.283188 
 8.94 	 0.289448 
 8.95 	 0.295787 
 8.96 	 0.302202 
 8.97 	 0.308688 
 8.98 	 0.315242 
 8.99 	 0.32186 
 9 	 0.32854 
 9.01 	 0.335277 
 9.02 	 0.342068 
 9.03 	 0.348909 
 9.04 	 0.355797 
 9.05 	 0.362727 
 9.06 	 0.369698 
 9.07 	 0.376704 
 9.08 	 0.383743 
 9.09 	 0.39081 
 9.1 	 0.397903 
 9.11 	 0.405017 
 9.12 	 0.412149 
 9.13 	 0.419296 
 9.14 	 0.426453 
 9.15 	 0.433618 
 9.16 	 0.440787 
 9.17 	 0.447956 
 9.18 	 0.455121 
 9.19 	 0.46228 
 9.2 	 0.469428 
 9.21 	 0.476562 
 9.22 	 0.483682 
 9.23 	 0.490786 
 9.24 	 0.497875 
 9.25 	 0.504946 
 9.26 	 0.512001 
 9.27 	 0.519038 
 9.28 	 0.526056 
 9.29 	 0.533056 
 9.3 	 0.540036 
 9.31 	 0.546995 
 9.32 	 0.553934 
 9.33 	 0.560852 
 9.34 	 0.567747 
 9.35 	 0.57462 
 9.36 	 0.58147 
 9.37 	 0.588296 
 9.38 	 0.595097 
 9.39 	 0.601873 
 9.4 	 0.608624 
 9.41 	 0.615348 
 9.42 	 0.622046 
 9.43 	 0.628716 
 9.44 	 0.635358 
 9.45 	 0.641971 
 9.46 	 0.648555 
 9.47 	 0.655109 
 9.48 	 0.661632 
 9.49 	 0.668125 
 9.5 	 0.674585 
 9.51 	 0.681014 
 9.52 	 0.687409 
 9.53 	 0.693771 
 9.54 	 0.700099 
 9.55 	 0.706391 
 9.56 	 0.712649 
 9.57 	 0.71887 
 9.58 	 0.725055 
 9.59 	 0.731203 
 9.6 	 0.737313 
 9.61 	 0.743385 
 9.62 	 0.749417 
 9.63 	 0.75541 
 9.64 	 0.761363 
 9.65 	 0.767274 
 9.66 	 0.773145 
 9.67 	 0.778973 
 9.68 	 0.784759 
 9.69 	 0.790501 
 9.7 	 0.796199 
 9.71 	 0.801853 
 9.72 	 0.807462 
 9.73 	 0.813026 
 9.74 	 0.818543 
 9.75 	 0.824013 
 9.76 	 0.829435 
 9.77 	 0.834809 
 9.78 	 0.840135 
 9.79 	 0.845411 
 9.8 	 0.850638 
 9.81 	 0.855813 
 9.82 	 0.860938 
 9.83 	 0.866011 
 9.84 	 0.871031 
 9.85 	 0.875999 
 9.86 	 0.880913 
 9.87 	 0.885772 
 9.88 	 0.890577 
 9.89 	 0.895327 
 9.9 	 0.90002 
 9.91 	 0.904657 
 9.92 	 0.909237 
 9.93 	 0.913758 
 9.94 	 0.918222 
 9.95 	 0.922626 
 9.96 	 0.92697 
 9.97 	 0.931255 
 9.98 	 0.935478 
 9.99 	 0.93964 
 10 	 0.94374 
 10.01 	 0.947777 
 10.02 	 0.951752 
 10.03 	 0.955665 
 10.04 	 0.959517 
 10.05 	 0.963307 
 10.06 	 0.967036 
 10.07 	 0.970705 
 10.08 	 0.974314 
 10.09 	 0.977863 
 10.1 	 0.981353 
 10.11 	 0.984784 
 10.12 	 0.988156 
 10.13 	 0.99147 
 10.14 	 0.994726 
 10.15 	 0.997924 
 10.16 	 1.00107 
 10.17 	 1.00415 
 10.18 	 1.00718 
 10.19 	 1.01015 
 10.2 	 1.01307 
 10.21 	 1.01593 
 10.22 	 1.01874 
 10.23 	 1.02149 
 10.24 	 1.02418 
 10.25 	 1.02683 
 10.26 	 1.02942 
 10.27 	 1.03196 
 10.28 	 1.03444 
 10.29 	 1.03687 
 10.3 	 1.03925 
 10.31 	 1.04158 
 10.32 	 1.04386 
 10.33 	 1.04609 
 10.34 	 1.04827 
 10.35 	 1.05039 
 10.36 	 1.05247 
 10.37 	 1.0545 
 10.38 	 1.05647 
 10.39 	 1.0584 
 10.4 	 1.06029 
 10.41 	 1.06212 
 10.42 	 1.06391 
 10.43 	 1.06565 
 10.44 	 1.06734 
 10.45 	 1.06898 
 10.46 	 1.07058 
 10.47 	 1.07214 
 10.48 	 1.07365 
 10.49 	 1.07511 
 10.5 	 1.07653 
 10.51 	 1.07791 
 10.52 	 1.07924 
 10.53 	 1.08053 
 10.54 	 1.08178 
 10.55 	 1.08298 
 10.56 	 1.08414 
 10.57 	 1.08526 
 10.58 	 1.08634 
 10.59 	 1.08737 
 10.6 	 1.08837 
 10.61 	 1.08932 
 10.62 	 1.09024 
 10.63 	 1.09111 
 10.64 	 1.09195 
 10.65 	 1.09275 
 10.66 	 1.0935 
 10.67 	 1.09422 
 10.68 	 1.09491 
 10.69 	 1.09555 
 10.7 	 1.09616 
 10.71 	 1.09673 
 10.72 	 1.09727 
 10.73 	 1.09776 
 10.74 	 1.09823 
 10.75 	 1.09866 
 10.76 	 1.09905 
 10.77 	 1.09941 
 10.78 	 1.09973 
 10.79 	 1.10002 
 10.8 	 1.10028 
 10.81 	 1.10051 
 10.82 	 1.1007 
 10.83 	 1.10086 
 10.84 	 1.10099 
 10.85 	 1.10108 
 10.86 	 1.10115 
 10.87 	 1.10118 
 10.88 	 1.10119 
 10.89 	 1.10116 
 10.9 	 1.1011 
 10.91 	 1.10102 
 10.92 	 1.10091 
 10.93 	 1.10076 
 10.94 	 1.10059 
 10.95 	 1.1004 
 10.96 	 1.10017 
 10.97 	 1.09992 
 10.98 	 1.09964 
 10.99 	 1.09933 
 11 	 1.099 
 11.01 	 1.09864 
 11.02 	 1.09826 
 11.03 	 1.09785 
 11.04 	 1.09742 
 11.05 	 1.09697 
 11.06 	 1.09649 
 11.07 	 1.09598 
 11.08 	 1.09546 
 11.09 	 1.09491 
 11.1 	 1.09434 
 11.11 	 1.09375 
 11.12 	 1.09313 
 11.13 	 1.0925 
 11.14 	 1.09184 
 11.15 	 1.09117 
 11.16 	 1.09047 
 11.17 	 1.08975 
 11.18 	 1.08902 
 11.19 	 1.08827 
 11.2 	 1.08749 
 11.21 	 1.0867 
 11.22 	 1.08589 
 11.23 	 1.08507 
 11.24 	 1.08423 
 11.25 	 1.08337 
 11.26 	 1.08249 
 11.27 	 1.0816 
 11.28 	 1.08069 
 11.29 	 1.07977 
 11.3 	 1.07883 
 11.31 	 1.07788 
 11.32 	 1.07692 
 11.33 	 1.07594 
 11.34 	 1.07495 
 11.35 	 1.07394 
 11.36 	 1.07292 
 11.37 	 1.07189 
 11.38 	 1.07085 
 11.39 	 1.0698 
 11.4 	 1.06873 
 11.41 	 1.06766 
 11.42 	 1.06657 
 11.43 	 1.06548 
 11.44 	 1.06437 
 11.45 	 1.06326 
 11.46 	 1.06213 
 11.47 	 1.061 
 11.48 	 1.05986 
 11.49 	 1.05872 
 11.5 	 1.05756 
 11.51 	 1.0564 
 11.52 	 1.05523 
 11.53 	 1.05406 
 11.54 	 1.05288 
 11.55 	 1.05169 
 11.56 	 1.0505 
 11.57 	 1.0493 
 11.58 	 1.0481 
 11.59 	 1.0469 
 11.6 	 1.04569 
 11.61 	 1.04448 
 11.62 	 1.04326 
 11.63 	 1.04205 
 11.64 	 1.04083 
 11.65 	 1.03961 
 11.66 	 1.03838 
 11.67 	 1.03716 
 11.68 	 1.03594 
 11.69 	 1.03471 
 11.7 	 1.03349 
 11.71 	 1.03227 
 11.72 	 1.03104 
 11.73 	 1.02982 
 11.74 	 1.0286 
 11.75 	 1.02738 
 11.76 	 1.02617 
 11.77 	 1.02495 
 11.78 	 1.02374 
 11.79 	 1.02254 
 11.8 	 1.02133 
 11.81 	 1.02013 
 11.82 	 1.01894 
 11.83 	 1.01775 
 11.84 	 1.01657 
 11.85 	 1.01539 
 11.86 	 1.01421 
 11.87 	 1.01305 
 11.88 	 1.01189 
 11.89 	 1.01074 
 11.9 	 1.00959 
 11.91 	 1.00845 
 11.92 	 1.00733 
 11.93 	 1.00621 
 11.94 	 1.00509 
 11.95 	 1.00399 
 11.96 	 1.0029 
 11.97 	 1.00182 
 11.98 	 1.00075 
 11.99 	 0.999686 
 12 	 0.998636 
 12.01 	 0.997598 
 12.02 	 0.996571 
 12.03 	 0.995556 
 12.04 	 0.994553 
 12.05 	 0.99356 
 12.06 	 0.992579 
 12.07 	 0.99161 
 12.08 	 0.990652 
 12.09 	 0.989704 
 12.1 	 0.988768 
 12.11 	 0.987843 
 12.12 	 0.98693 
 12.13 	 0.986027 
 12.14 	 0.985135 
 12.15 	 0.984254 
 12.16 	 0.983384 
 12.17 	 0.982525 
 12.18 	 0.981677 
 12.19 	 0.980839 
 12.2 	 0.980012 
 12.21 	 0.979196 
 12.22 	 0.97839 
 12.23 	 0.977595 
 12.24 	 0.976811 
 12.25 	 0.976037 
 12.26 	 0.975273 
 12.27 	 0.97452 
 12.28 	 0.973777 
 12.29 	 0.973044 
 12.3 	 0.972322 
 12.31 	 0.97161 
 12.32 	 0.970908 
 12.33 	 0.970216 
 12.34 	 0.969534 
 12.35 	 0.968862 
 12.36 	 0.9682 
 12.37 	 0.967548 
 12.38 	 0.966906 
 12.39 	 0.966274 
 12.4 	 0.965651 
 12.41 	 0.965039 
 12.42 	 0.964436 
 12.43 	 0.963842 
 12.44 	 0.963258 
 12.45 	 0.962684 
 12.46 	 0.962119 
 12.47 	 0.961564 
 12.48 	 0.961018 
 12.49 	 0.960482 
 12.5 	 0.959955 
 12.51 	 0.959437 
 12.52 	 0.958928 
 12.53 	 0.958429 
 12.54 	 0.957939 
 12.55 	 0.957457 
 12.56 	 0.956985 
 12.57 	 0.956522 
 12.58 	 0.956068 
 12.59 	 0.955623 
 12.6 	 0.955186 
 12.61 	 0.954759 
 12.62 	 0.95434 
 12.63 	 0.95393 
 12.64 	 0.953529 
 12.65 	 0.953136 
 12.66 	 0.952752 
 12.67 	 0.952376 
 12.68 	 0.952009 
 12.69 	 0.95165 
 12.7 	 0.9513 
 12.71 	 0.950958 
 12.72 	 0.950625 
 12.73 	 0.950299 
 12.74 	 0.949982 
 12.75 	 0.949673 
 12.76 	 0.949373 
 12.77 	 0.94908 
 12.78 	 0.948795 
 12.79 	 0.948519 
 12.8 	 0.94825 
 12.81 	 0.947989 
 12.82 	 0.947737 
 12.83 	 0.947491 
 12.84 	 0.947254 
 12.85 	 0.947025 
 12.86 	 0.946803 
 12.87 	 0.946588 
 12.88 	 0.946382 
 12.89 	 0.946182 
 12.9 	 0.945991 
 12.91 	 0.945807 
 12.92 	 0.94563 
 12.93 	 0.94546 
 12.94 	 0.945298 
 12.95 	 0.945143 
 12.96 	 0.944996 
 12.97 	 0.944855 
 12.98 	 0.944722 
 12.99 	 0.944595 
 13 	 0.944476 
 13.01 	 0.944364 
 13.02 	 0.944258 
 13.03 	 0.94416 
 13.04 	 0.944068 
 13.05 	 0.943984 
 13.06 	 0.943906 
 13.07 	 0.943834 
 13.08 	 0.94377 
 13.09 	 0.943712 
 13.1 	 0.94366 
 13.11 	 0.943615 
 13.12 	 0.943577 
 13.13 	 0.943545 
 13.14 	 0.943519 
 13.15 	 0.9435 
 13.16 	 0.943487 
 13.17 	 0.94348 
 13.18 	 0.94348 
 13.19 	 0.943485 
 13.2 	 0.943497 
 13.21 	 0.943515 
 13.22 	 0.943539 
 13.23 	 0.943568 
 13.24 	 0.943604 
 13.25 	 0.943646 
 13.26 	 0.943693 
 13.27 	 0.943747 
 13.28 	 0.943806 
 13.29 	 0.94387 
 13.3 	 0.943941 
 13.31 	 0.944017 
 13.32 	 0.944098 
 13.33 	 0.944186 
 13.34 	 0.944278 
 13.35 	 0.944376 
 13.36 	 0.94448 
 13.37 	 0.944588 
 13.38 	 0.944702 
 13.39 	 0.944822 
 13.4 	 0.944946 
 13.41 	 0.945076 
 13.42 	 0.94521 
 13.43 	 0.94535 
 13.44 	 0.945495 
 13.45 	 0.945645 
 13.46 	 0.945799 
 13.47 	 0.945959 
 13.48 	 0.946123 
 13.49 	 0.946292 
 13.5 	 0.946466 
 13.51 	 0.946645 
 13.52 	 0.946828 
 13.53 	 0.947016 
 13.54 	 0.947209 
 13.55 	 0.947405 
 13.56 	 0.947607 
 13.57 	 0.947813 
 13.58 	 0.948023 
 13.59 	 0.948237 
 13.6 	 0.948456 
 13.61 	 0.948679 
 13.62 	 0.948906 
 13.63 	 0.949138 
 13.64 	 0.949373 
 13.65 	 0.949613 
 13.66 	 0.949856 
 13.67 	 0.950104 
 13.68 	 0.950355 
 13.69 	 0.950611 
 13.7 	 0.95087 
 13.71 	 0.951132 
 13.72 	 0.951399 
 13.73 	 0.951669 
 13.74 	 0.951943 
 13.75 	 0.952221 
 13.76 	 0.952502 
 13.77 	 0.952786 
 13.78 	 0.953074 
 13.79 	 0.953366 
 13.8 	 0.953661 
 13.81 	 0.953959 
 13.82 	 0.95426 
 13.83 	 0.954565 
 13.84 	 0.954873 
 13.85 	 0.955184 
 13.86 	 0.955498 
 13.87 	 0.955815 
 13.88 	 0.956135 
 13.89 	 0.956458 
 13.9 	 0.956784 
 13.91 	 0.957112 
 13.92 	 0.957444 
 13.93 	 0.957778 
 13.94 	 0.958115 
 13.95 	 0.958455 
 13.96 	 0.958798 
 13.97 	 0.959143 
 13.98 	 0.95949 
 13.99 	 0.95984 
 14 	 0.960193 
 14.01 	 0.960547 
 14.02 	 0.960905 
 14.03 	 0.961264 
 14.04 	 0.961626 
 14.05 	 0.96199 
 14.06 	 0.962356 
 14.07 	 0.962724 
 14.08 	 0.963095 
 14.09 	 0.963467 
 14.1 	 0.963842 
 14.11 	 0.964218 
 14.12 	 0.964596 
 14.13 	 0.964976 
 14.14 	 0.965358 
 14.15 	 0.965742 
 14.16 	 0.966127 
 14.17 	 0.966514 
 14.18 	 0.966903 
 14.19 	 0.967293 
 14.2 	 0.967685 
 14.21 	 0.968078 
 14.22 	 0.968473 
 14.23 	 0.968869 
 14.24 	 0.969266 
 14.25 	 0.969665 
 14.26 	 0.970065 
 14.27 	 0.970466 
 14.28 	 0.970868 
 14.29 	 0.971272 
 14.3 	 0.971676 
 14.31 	 0.972082 
 14.32 	 0.972488 
 14.33 	 0.972896 
 14.34 	 0.973304 
 14.35 	 0.973713 
 14.36 	 0.974123 
 14.37 	 0.974534 
 14.38 	 0.974946 
 14.39 	 0.975358 
 14.4 	 0.97577 
 14.41 	 0.976184 
 14.42 	 0.976598 
 14.43 	 0.977012 
 14.44 	 0.977427 
 14.45 	 0.977842 
 14.46 	 0.978257 
 14.47 	 0.978673 
 14.48 	 0.979089 
 14.49 	 0.979505 
 14.5 	 0.979921 
 14.51 	 0.980338 
 14.52 	 0.980754 
 14.53 	 0.981171 
 14.54 	 0.981587 
 14.55 	 0.982003 
 14.56 	 0.98242 
 14.57 	 0.982836 
 14.58 	 0.983252 
 14.59 	 0.983667 
 14.6 	 0.984083 
 14.61 	 0.984498 
 14.62 	 0.984912 
 14.63 	 0.985326 
 14.64 	 0.98574 
 14.65 	 0.986153 
 14.66 	 0.986566 
 14.67 	 0.986978 
 14.68 	 0.987389 
 14.69 	 0.987799 
 14.7 	 0.988209 
 14.71 	 0.988618 
 14.72 	 0.989026 
 14.73 	 0.989433 
 14.74 	 0.98984 
 14.75 	 0.990245 
 14.76 	 0.990649 
 14.77 	 0.991052 
 14.78 	 0.991454 
 14.79 	 0.991855 
 14.8 	 0.992255 
 14.81 	 0.992653 
 14.82 	 0.99305 
 14.83 	 0.993445 
 14.84 	 0.99384 
 14.85 	 0.994233 
 14.86 	 0.994624 
 14.87 	 0.995014 
 14.88 	 0.995402 
 14.89 	 0.995788 
 14.9 	 0.996173 
 14.91 	 0.996556 
 14.92 	 0.996938 
 14.93 	 0.997317 
 14.94 	 0.997695 
 14.95 	 0.998071 
 14.96 	 0.998444 
 14.97 	 0.998816 
 14.98 	 0.999186 
 14.99 	 0.999553 
 15 	 0.999919 
 15.01 	 1.00028 
 15.02 	 1.00064 
 15.03 	 1.001 
 15.04 	 1.00136 
 15.05 	 1.00171 
 15.06 	 1.00207 
 15.07 	 1.00242 
 15.08 	 1.00276 
 15.09 	 1.00311 
 15.1 	 1.00345 
 15.11 	 1.0038 
 15.12 	 1.00414 
 15.13 	 1.00447 
 15.14 	 1.00481 
 15.15 	 1.00514 
 15.16 	 1.00547 
 15.17 	 1.0058 
 15.18 	 1.00613 
 15.19 	 1.00645 
 15.2 	 1.00678 
 15.21 	 1.0071 
 15.22 	 1.00742 
 15.23 	 1.00773 
 15.24 	 1.00805 
 15.25 	 1.00836 
 15.26 	 1.00867 
 15.27 	 1.00898 
 15.28 	 1.00928 
 15.29 	 1.00959 
 15.3 	 1.00989 
 15.31 	 1.01019 
 15.32 	 1.01049 
 15.33 	 1.01078 
 15.34 	 1.01107 
 15.35 	 1.01137 
 15.36 	 1.01166 
 15.37 	 1.01194 
 15.38 	 1.01223 
 15.39 	 1.01251 
 15.4 	 1.01279 
 15.41 	 1.01307 
 15.42 	 1.01335 
 15.43 	 1.01363 
 15.44 	 1.0139 
 15.45 	 1.01417 
 15.46 	 1.01444 
 15.47 	 1.01471 
 15.48 	 1.01497 
 15.49 	 1.01524 
 15.5 	 1.0155 
 15.51 	 1.01576 
 15.52 	 1.01602 
 15.53 	 1.01627 
 15.54 	 1.01653 
 15.55 	 1.01678 
 15.56 	 1.01703 
 15.57 	 1.01728 
 15.58 	 1.01752 
 15.59 	 1.01777 
 15.6 	 1.01801 
 15.61 	 1.01825 
 15.62 	 1.01849 
 15.63 	 1.01872 
 15.64 	 1.01896 
 15.65 	 1.01919 
 15.66 	 1.01942 
 15.67 	 1.01965 
 15.68 	 1.01988 
 15.69 	 1.0201 
 15.7 	 1.02032 
 15.71 	 1.02055 
 15.72 	 1.02076 
 15.73 	 1.02098 
 15.74 	 1.0212 
 15.75 	 1.02141 
 15.76 	 1.02162 
 15.77 	 1.02183 
 15.78 	 1.02204 
 15.79 	 1.02225 
 15.8 	 1.02245 
 15.81 	 1.02265 
 15.82 	 1.02286 
 15.83 	 1.02305 
 15.84 	 1.02325 
 15.85 	 1.02345 
 15.86 	 1.02364 
 15.87 	 1.02383 
 15.88 	 1.02402 
 15.89 	 1.02421 
 15.9 	 1.0244 
 15.91 	 1.02458 
 15.92 	 1.02476 
 15.93 	 1.02494 
 15.94 	 1.02512 
 15.95 	 1.0253 
 15.96 	 1.02548 
 15.97 	 1.02565 
 15.98 	 1.02582 
 15.99 	 1.02599 
 16 	 1.02616 
 16.01 	 1.02633 
 16.02 	 1.02649 
 16.03 	 1.02666 
 16.04 	 1.02682 
 16.05 	 1.02698 
 16.06 	 1.02714 
 16.07 	 1.02729 
 16.08 	 1.02745 
 16.09 	 1.0276 
 16.1 	 1.02775 
 16.11 	 1.0279 
 16.12 	 1.02805 
 16.13 	 1.0282 
 16.14 	 1.02834 
 16.15 	 1.02848 
 16.16 	 1.02862 
 16.17 	 1.02876 
 16.18 	 1.0289 
 16.19 	 1.02904 
 16.2 	 1.02917 
 16.21 	 1.02931 
 16.22 	 1.02944 
 16.23 	 1.02957 
 16.24 	 1.02969 
 16.25 	 1.02982 
 16.26 	 1.02994 
 16.27 	 1.03007 
 16.28 	 1.03019 
 16.29 	 1.03031 
 16.3 	 1.03043 
 16.31 	 1.03054 
 16.32 	 1.03066 
 16.33 	 1.03077 
 16.34 	 1.03088 
 16.35 	 1.03099 
 16.36 	 1.0311 
 16.37 	 1.03121 
 16.38 	 1.03131 
 16.39 	 1.03142 
 16.4 	 1.03152 
 16.41 	 1.03162 
 16.42 	 1.03172 
 16.43 	 1.03182 
 16.44 	 1.03191 
 16.45 	 1.03201 
 16.46 	 1.0321 
 16.47 	 1.03219 
 16.48 	 1.03228 
 16.49 	 1.03237 
 16.5 	 1.03245 
 16.51 	 1.03254 
 16.52 	 1.03262 
 16.53 	 1.0327 
 16.54 	 1.03278 
 16.55 	 1.03286 
 16.56 	 1.03294 
 16.57 	 1.03302 
 16.58 	 1.03309 
 16.59 	 1.03316 
 16.6 	 1.03323 
 16.61 	 1.0333 
 16.62 	 1.03337 
 16.63 	 1.03344 
 16.64 	 1.03351 
 16.65 	 1.03357 
 16.66 	 1.03363 
 16.67 	 1.03369 
 16.68 	 1.03375 
 16.69 	 1.03381 
 16.7 	 1.03387 
 16.71 	 1.03392 
 16.72 	 1.03398 
 16.73 	 1.03403 
 16.74 	 1.03408 
 16.75 	 1.03413 
 16.76 	 1.03418 
 16.77 	 1.03423 
 16.78 	 1.03427 
 16.79 	 1.03431 
 16.8 	 1.03436 
 16.81 	 1.0344 
 16.82 	 1.03444 
 16.83 	 1.03448 
 16.84 	 1.03451 
 16.85 	 1.03455 
 16.86 	 1.03458 
 16.87 	 1.03462 
 16.88 	 1.03465 
 16.89 	 1.03468 
 16.9 	 1.03471 
 16.91 	 1.03473 
 16.92 	 1.03476 
 16.93 	 1.03478 
 16.94 	 1.03481 
 16.95 	 1.03483 
 16.96 	 1.03485 
 16.97 	 1.03487 
 16.98 	 1.03489 
 16.99 	 1.0349 
 17 	 1.03492 
 17.01 	 1.03493 
 17.02 	 1.03495 
 17.03 	 1.03496 
 17.04 	 1.03497 
 17.05 	 1.03498 
 17.06 	 1.03498 
 17.07 	 1.03499 
 17.08 	 1.035 
 17.09 	 1.035 
 17.1 	 1.035 
 17.11 	 1.035 
 17.12 	 1.035 
 17.13 	 1.035 
 17.14 	 1.035 
 17.15 	 1.035 
 17.16 	 1.03499 
 17.17 	 1.03498 
 17.18 	 1.03498 
 17.19 	 1.03497 
 17.2 	 1.03496 
 17.21 	 1.03495 
 17.22 	 1.03493 
 17.23 	 1.03492 
 17.24 	 1.03491 
 17.25 	 1.03489 
 17.26 	 1.03487 
 17.27 	 1.03485 
 17.28 	 1.03483 
 17.29 	 1.03481 
 17.3 	 1.03479 
 17.31 	 1.03477 
 17.32 	 1.03474 
 17.33 	 1.03472 
 17.34 	 1.03469 
 17.35 	 1.03466 
 17.36 	 1.03463 
 17.37 	 1.0346 
 17.38 	 1.03457 
 17.39 	 1.03454 
 17.4 	 1.03451 
 17.41 	 1.03447 
 17.42 	 1.03444 
 17.43 	 1.0344 
 17.44 	 1.03436 
 17.45 	 1.03432 
 17.46 	 1.03428 
 17.47 	 1.03424 
 17.48 	 1.0342 
 17.49 	 1.03415 
 17.5 	 1.03411 
 17.51 	 1.03406 
 17.52 	 1.03401 
 17.53 	 1.03397 
 17.54 	 1.03392 
 17.55 	 1.03387 
 17.56 	 1.03382 
 17.57 	 1.03376 
 17.58 	 1.03371 
 17.59 	 1.03366 
 17.6 	 1.0336 
 17.61 	 1.03354 
 17.62 	 1.03349 
 17.63 	 1.03343 
 17.64 	 1.03337 
 17.65 	 1.03331 
 17.66 	 1.03324 
 17.67 	 1.03318 
 17.68 	 1.03312 
 17.69 	 1.03305 
 17.7 	 1.03299 
 17.71 	 1.03292 
 17.72 	 1.03285 
 17.73 	 1.03278 
 17.74 	 1.03271 
 17.75 	 1.03264 
 17.76 	 1.03257 
 17.77 	 1.0325 
 17.78 	 1.03242 
 17.79 	 1.03235 
 17.8 	 1.03227 
 17.81 	 1.0322 
 17.82 	 1.03212 
 17.83 	 1.03204 
 17.84 	 1.03196 
 17.85 	 1.03188 
 17.86 	 1.0318 
 17.87 	 1.03172 
 17.88 	 1.03163 
 17.89 	 1.03155 
 17.9 	 1.03146 
 17.91 	 1.03138 
 17.92 	 1.03129 
 17.93 	 1.0312 
 17.94 	 1.03111 
 17.95 	 1.03102 
 17.96 	 1.03093 
 17.97 	 1.03084 
 17.98 	 1.03075 
 17.99 	 1.03066 
 18 	 1.03056 
 18.01 	 1.03047 
 18.02 	 1.03037 
 18.03 	 1.03028 
 18.04 	 1.03018 
 18.05 	 1.03008 
 18.06 	 1.02998 
 18.07 	 1.02988 
 18.08 	 1.02978 
 18.09 	 1.02968 
 18.1 	 1.02957 
 18.11 	 1.02947 
 18.12 	 1.02937 
 18.13 	 1.02926 
 18.14 	 1.02916 
 18.15 	 1.02905 
 18.16 	 1.02894 
 18.17 	 1.02883 
 18.18 	 1.02872 
 18.19 	 1.02861 
 18.2 	 1.0285 
 18.21 	 1.02839 
 18.22 	 1.02828 
 18.23 	 1.02817 
 18.24 	 1.02805 
 18.25 	 1.02794 
 18.26 	 1.02782 
 18.27 	 1.02771 
 18.28 	 1.02759 
 18.29 	 1.02747 
 18.3 	 1.02735 
 18.31 	 1.02723 
 18.32 	 1.02711 
 18.33 	 1.02699 
 18.34 	 1.02687 
 18.35 	 1.02675 
 18.36 	 1.02663 
 18.37 	 1.0265 
 18.38 	 1.02638 
 18.39 	 1.02625 
 18.4 	 1.02613 
 18.41 	 1.026 
 18.42 	 1.02587 
 18.43 	 1.02575 
 18.44 	 1.02562 
 18.45 	 1.02549 
 18.46 	 1.02536 
 18.47 	 1.02523 
 18.48 	 1.0251 
 18.49 	 1.02497 
 18.5 	 1.02483 
 18.51 	 1.0247 
 18.52 	 1.02457 
 18.53 	 1.02443 
 18.54 	 1.0243 
 18.55 	 1.02416 
 18.56 	 1.02402 
 18.57 	 1.02389 
 18.58 	 1.02375 
 18.59 	 1.02361 
 18.6 	 1.02347 
 18.61 	 1.02333 
 18.62 	 1.02319 
 18.63 	 1.02305 
 18.64 	 1.02291 
 18.65 	 1.02277 
 18.66 	 1.02263 
 18.67 	 1.02248 
 18.68 	 1.02234 
 18.69 	 1.0222 
 18.7 	 1.02205 
 18.71 	 1.02191 
 18.72 	 1.02176 
 18.73 	 1.02161 
 18.74 	 1.02147 
 18.75 	 1.02132 
 18.76 	 1.02117 
 18.77 	 1.02102 
 18.78 	 1.02087 
 18.79 	 1.02072 
 18.8 	 1.02057 
 18.81 	 1.02042 
 18.82 	 1.02027 
 18.83 	 1.02012 
 18.84 	 1.01997 
 18.85 	 1.01981 
 18.86 	 1.01966 
 18.87 	 1.01951 
 18.88 	 1.01935 
 18.89 	 1.0192 
 18.9 	 1.01904 
 18.91 	 1.01889 
 18.92 	 1.01873 
 18.93 	 1.01857 
 18.94 	 1.01842 
 18.95 	 1.01826 
 18.96 	 1.0181 
 18.97 	 1.01794 
 18.98 	 1.01778 
 18.99 	 1.01762 
 19 	 1.01746 
 19.01 	 1.0173 
 19.02 	 1.01714 
 19.03 	 1.01698 
 19.04 	 1.01682 
 19.05 	 1.01666 
 19.06 	 1.0165 
 19.07 	 1.01633 
 19.08 	 1.01617 
 19.09 	 1.01601 
 19.1 	 1.01584 
 19.11 	 1.01568 
 19.12 	 1.01551 
 19.13 	 1.01535 
 19.14 	 1.01518 
 19.15 	 1.01502 
 19.16 	 1.01485 
 19.17 	 1.01468 
 19.18 	 1.01452 
 19.19 	 1.01435 
 19.2 	 1.01418 
 19.21 	 1.01401 
 19.22 	 1.01384 
 19.23 	 1.01367 
 19.24 	 1.01351 
 19.25 	 1.01334 
 19.26 	 1.01317 
 19.27 	 1.013 
 19.28 	 1.01283 
 19.29 	 1.01265 
 19.3 	 1.01248 
 19.31 	 1.01231 
 19.32 	 1.01214 
 19.33 	 1.01197 
 19.34 	 1.0118 
 19.35 	 1.01162 
 19.36 	 1.01145 
 19.37 	 1.01128 
 19.38 	 1.0111 
 19.39 	 1.01093 
 19.4 	 1.01076 
 19.41 	 1.01058 
 19.42 	 1.01041 
 19.43 	 1.01023 
 19.44 	 1.01006 
 19.45 	 1.00988 
 19.46 	 1.00971 
 19.47 	 1.00953 
 19.48 	 1.00935 
 19.49 	 1.00918 
 19.5 	 1.009 
 19.51 	 1.00883 
 19.52 	 1.00865 
 19.53 	 1.00847 
 19.54 	 1.00829 
 19.55 	 1.00812 
 19.56 	 1.00794 
 19.57 	 1.00776 
 19.58 	 1.00758 
 19.59 	 1.00741 
 19.6 	 1.00723 
 19.61 	 1.00705 
 19.62 	 1.00687 
 19.63 	 1.00669 
 19.64 	 1.00651 
 19.65 	 1.00633 
 19.66 	 1.00615 
 19.67 	 1.00597 
 19.68 	 1.00579 
 19.69 	 1.00561 
 19.7 	 1.00543 
 19.71 	 1.00525 
 19.72 	 1.00507 
 19.73 	 1.00489 
 19.74 	 1.00471 
 19.75 	 1.00453 
 19.76 	 1.00435 
 19.77 	 1.00417 
 19.78 	 1.00399 
 19.79 	 1.00381 
 19.8 	 1.00363 
 19.81 	 1.00345 
 19.82 	 1.00327 
 19.83 	 1.00308 
 19.84 	 1.0029 
 19.85 	 1.00272 
 19.86 	 1.00254 
 19.87 	 1.00236 
 19.88 	 1.00218 
 19.89 	 1.00199 
 19.9 	 1.00181 
 19.91 	 1.00163 
 19.92 	 1.00145 
 19.93 	 1.00127 
 19.94 	 1.00109 
 19.95 	 1.0009 
 19.96 	 1.00072 
 19.97 	 1.00054 
 19.98 	 1.00036 
 19.99 	 1.00018 
 